-0.1930942 0.9811802 1.0530253
0.0488753 0.9988049 1.2869277
0.9988845 -0.0472209 0.5673192
-0.7996139 0.6005144 1.8126635
-0.4797379 0.8774118 1.8465497
0.4248014 0.9052866 0.1110870
-0.2791503 -0.9602474 0.7345316
0.1112281 -0.9937949 0.4121248
-0.8686298 0.4954616 0.5899994
-0.0142745 -0.9998981 0.5336139
0.9622327 -0.2722283 1.9603318
-0.4395476 -0.8982193 0.8019283
0.5583697 0.8295922 0.2609982
-0.9855586 -0.1693350 1.1266080
-0.9765636 0.2152293 0.3564267
-0.0560563 0.9984276 0.4019765
-0.9577181 0.2877081 0.1141950
-0.7544195 0.6563926 1.5394100
-0.4265213 -0.9044775 0.5696188
0.0509135 0.9987031 1.2251351
0.6195758 -0.7849368 0.2589229
0.7974040 -0.6034458 0.0784446
-0.4509045 0.8925722 0.0943310
-0.7719722 0.6356562 1.5395854
-0.0701882 0.9975338 1.6621260
0.7703983 -0.6375629 1.3484379
0.6958316 0.7182050 0.1856646
0.8794792 -0.4759374 0.6900091
0.1775630 -0.9841094 1.3891485
0.4319636 0.9018910 0.1639827
0.7716731 -0.6360194 0.4037225
-0.8002350 -0.5996865 0.1360894
-0.3234742 -0.9462370 0.8697610
0.3940034 0.9191090 1.2761696
0.7065073 0.7077057 0.0089945
-0.9199069 0.3921368 1.0978617
-0.0858732 -0.9963061 1.6556951
0.9342829 0.3565327 1.5421444
0.9208893 -0.3898242 0.9523895
-0.4605651 0.8876259 0.2958615
-0.8426557 0.5384528 0.4147683
0.8942407 0.4475864 1.3286702
0.0481677 0.9988393 1.4219157
0.6532290 0.7571604 0.4654619
0.4001125 -0.9164661 0.8458545
-0.5360911 -0.8441601 1.5222931
0.6218816 -0.7831113 1.3655972
0.9978262 0.0659008 1.7984266
-0.1441305 -0.9895587 0.0431338
0.9990379 0.0438547 0.0728519
-0.5732957 0.8193485 0.1316607
-0.9367251 0.3500657 1.4897060
-0.3167051 -0.9485240 0.6634551
-0.9777452 -0.2097957 0.7760075
-0.3155413 -0.9489118 1.8344846
0.9996913 -0.0248476 1.3117146
-0.9753465 -0.2206788 1.5294620
-0.9977032 -0.0677371 1.8709353
-0.7892356 -0.6140906 1.5918211
-0.1427490 -0.9897589 0.9253183
0.0700311 -0.9975448 1.6995073
0.1005426 -0.9949328 0.6726958
0.6663677 -0.7456233 1.8452590
0.4822608 0.8760277 0.4259064
0.0644714 -0.9979196 1.2702597
-0.8715518 0.4903035 0.7303054
0.8309469 0.5563517 1.1091591
-0.4691200 0.8831344 0.3173231
0.9412303 -0.3377656 0.4313650
0.3661036 0.9305741 0.7086737
-0.0031681 0.9999950 0.2587667
-0.9669407 0.2550013 1.2933054
0.9471695 -0.3207333 1.5306477
0.9776358 0.2103049 0.8380915
0.9063206 0.4225908 1.8006002
0.9987600 0.0497847 0.5294787
0.9579996 0.2867694 1.4816940
-0.9840494 -0.1778952 1.1863666
0.9990779 0.0429350 1.4609341
0.8653285 0.5012051 0.2650696
-0.9045295 0.4264110 1.0718509
-0.4206726 -0.9072125 0.8632341
-0.9696148 0.2446367 1.0751056
0.9936355 0.1126429 1.6594967
-0.9415936 -0.3367515 0.2861423
-0.9995491 -0.0300275 1.9067519
0.2288329 -0.9734657 1.9604903
-0.8707590 0.4917101 0.5169049
0.4920397 0.8705728 1.9767008
-0.6565754 -0.7542604 0.4280840
0.5157034 -0.8567672 1.1061857
0.3906440 0.9205418 1.3615038
0.0006758 -0.9999998 0.0235663
-0.9625970 0.2709372 1.6427824
-0.2516488 0.9678186 0.5051755
-0.9764018 0.2159618 0.5829712
0.2535736 0.9673161 0.8102823
0.0543090 -0.9985242 0.7841812
0.6213023 0.7835709 1.2843528
0.9315800 0.3635365 0.8018417
-0.6904533 0.7233770 1.5151025
-0.0483499 0.9988305 1.8376173
-0.9581797 -0.2861672 0.8849122
0.8793104 -0.4762492 1.6764194
0.9624711 0.2713843 0.0346678
0.9993066 -0.0372334 0.4021817
-0.9561975 -0.2927221 0.8424410
0.9790517 -0.2036119 1.7519635
0.9985826 -0.0532244 0.5463741
-0.9983982 -0.0565777 1.5281699
0.8931398 0.4497791 1.1360885
-0.6916957 -0.7221891 0.9176675
-0.7130324 -0.7011311 0.2078957
0.9991163 -0.0420316 1.3864815
0.4694426 0.8829630 1.0567088
0.9935174 0.1136801 0.9832879
-0.6123404 -0.7905942 1.9441178
0.8510481 0.5250878 0.7962894
-0.7829941 0.6220291 0.2765769
-0.0103781 -0.9999461 0.6285779
0.4171940 -0.9088175 0.0312030
-0.9848143 -0.1736111 1.6751296
-0.8900744 -0.4558153 0.3836761
-0.7044774 -0.7097265 1.2281948
-0.9999922 0.0039615 1.9754277
0.4476479 -0.8942099 1.6822173
-0.9365586 0.3505111 1.4803932
-0.1738679 0.9847690 1.7449531
-0.9652195 0.2614409 1.4667642
0.9595095 -0.2816761 0.6000392
0.3134990 0.9495885 1.4929452
-0.9503322 0.3112374 1.2669273
-0.7534392 0.6575176 1.6141331
0.9502157 -0.3115929 0.6033975
-0.9668333 -0.2554083 0.4565243
-0.9581540 0.2862534 0.2515408
0.9892085 -0.1465145 0.9393079
0.0643490 -0.9979275 0.2445041
0.5899874 0.8074125 0.4267626
-0.6770017 0.7359814 0.0245772
-0.2117427 0.9773254 1.3923045
-0.9958051 0.0914999 1.7145162
0.9157069 0.4018468 0.0600114
-0.9855362 -0.1694651 0.1053150
-0.4087912 -0.9126279 0.8308537
-0.5635038 -0.8261135 0.3627089
0.9366689 0.3502163 0.9796923
0.4053234 -0.9141734 0.6888065
0.5323765 0.8465077 0.6717030
0.0195028 -0.9998098 1.4364296
-0.8285334 0.5599396 1.1446395
-0.6024355 0.7981675 1.7901846
-0.2740576 -0.9617133 1.1062727
0.9422154 0.3350077 0.7850181
0.4731015 0.8810079 1.2682400
-0.8013156 -0.5982418 1.7218438
0.0702445 -0.9975298 1.5330334
0.7009782 -0.7131827 1.4691609
0.2925535 0.9562492 1.6773111
-0.6069219 -0.7947615 1.0958859
-0.1124134 0.9936615 0.7378238
-0.1563935 0.9876948 1.6451983
0.9933102 0.1154767 1.0988196
0.5504407 0.8348743 0.0543579
-0.9959549 0.0898543 1.8915027
-0.3555225 0.9346677 1.1959115
0.9168758 -0.3991727 0.7465546
-0.6911524 -0.7227091 0.1583179
-0.4011364 0.9160183 1.9966104
0.9896171 0.1437288 0.6511091
0.9998621 0.0166068 1.6010006
0.4574864 0.8892166 1.6292118
-0.5642618 -0.8255959 0.2128383
-0.9088597 0.4171019 0.0176403
0.9357279 0.3527226 1.6604737
-0.4976201 -0.8673951 1.2633375
0.2942139 -0.9557396 1.8044876
0.8896044 0.4567319 1.4382596
0.3212653 -0.9469892 1.5794564
0.5064261 -0.8622833 1.3647564
-0.2059777 -0.9785567 0.9384502
-0.9811490 0.1932530 1.0350732
0.9152408 0.4029073 1.2869875
0.9976756 0.0681427 0.9023773
0.5433545 0.8395033 1.2766426
0.9219386 0.3873359 1.6676159
0.7588847 -0.6512251 1.1487806
-0.6146961 0.7887640 1.1826497
-0.2044946 0.9788677 1.9597674
-0.2844416 0.9586934 0.7819171
-0.8448406 0.5350181 0.0432381
-0.6606692 0.7506772 1.3583321
0.9550864 0.2963274 1.1373378
0.9840536 -0.1778723 0.5869859
0.9848418 0.1734551 1.1459455
-0.8286085 -0.5598286 1.8698159
0.7441974 0.6679598 0.7586206
0.6339600 -0.7733659 0.1386985
0.9701486 -0.2425113 0.3542974
0.9407254 0.3391693 1.5649817
0.7691517 0.6390663 0.8584520
-0.3290585 -0.9443095 1.1625321
-0.0686614 -0.9976400 0.2593463
-0.9692740 0.2459837 0.2068050
-0.8215048 -0.5702016 1.8440112
-0.7776495 -0.6286981 1.3630758
0.8325517 0.5539474 1.1519128
0.3392816 -0.9406848 0.9156781
0.9893411 0.1456165 1.8560612
-0.9997022 -0.0244038 1.3750707
0.9225139 -0.3859638 1.5717246
-0.9943360 -0.1062824 1.0060363
-0.9996402 -0.0268227 1.1680774
-0.4434874 0.8962806 0.1691790
0.6287157 -0.7776353 0.2804567
0.9832978 -0.1820038 0.7991429
0.4934354 0.8697825 0.2938887
0.6737012 0.7390039 1.8304738
-0.7666701 0.6420412 1.8963089
-0.7895214 -0.6137230 0.3037956
0.2144791 0.9767286 0.0016377
-0.2069362 0.9783544 1.1979144
-0.7297517 -0.6837123 0.4223644
-0.8793546 0.4761674 1.5560335
-0.9970784 0.0763846 1.0070250
0.8357738 0.5490739 0.6030951
0.7795755 -0.6263083 1.2065071
0.6598474 0.7513996 1.2649666
0.9106965 0.4130761 1.5384109
0.9877495 0.1560477 1.0135236
-0.5210129 -0.8535488 1.3575864
-0.9999509 0.0099113 0.1240010
-0.9890048 0.1478835 1.8987063
-0.5572213 0.8303640 1.0030060
0.6785430 0.7345607 1.3754338
0.5425779 0.8400055 0.2625530
-0.5626867 -0.8266702 1.0903128
-0.9901646 -0.1399071 0.7512441
-0.9955246 -0.0945024 0.3197440
0.4611363 0.8873293 1.7791175
0.7020790 -0.7120991 0.2181178
-0.9052704 -0.4248358 0.2905630
0.7026764 -0.7115096 1.1561819
-0.6225937 -0.7825452 1.4399006
0.7562499 0.6542829 0.1607486
-0.9813180 0.1923928 0.6946528
0.8350493 0.5501751 0.8102454
-0.9793810 0.2020217 0.0259511
0.5797551 -0.8147908 1.3896814
0.9963074 0.0858579 0.8717934
0.8510665 -0.5250578 1.6949464
0.6123878 -0.7905575 0.6382471
0.3754445 0.9268449 1.8090461
0.6139262 -0.7893635 1.7595512
0.9096425 -0.4153920 1.3695902
-0.6317144 -0.7752012 1.2559332
0.2273353 0.9738165 1.1385043
-0.8825990 -0.4701267 0.5016376
0.7097704 -0.7044331 0.9086516
-0.7497979 -0.6616669 0.8356708
0.3903983 0.9206461 1.3822565
-0.9805661 0.1961891 1.6877568
-0.9999997 -0.0007099 0.7560096
-0.0846670 -0.9964093 0.9965595
-0.8780935 0.4784891 1.0050370
-0.8447964 -0.5350880 1.8744064
-0.7807187 -0.6248826 0.9983392
0.6501987 0.7597642 1.2487228
0.1566954 0.9876470 0.1662926
-0.2715218 -0.9624323 0.5338449
-0.6418281 0.7668485 1.5045568
-0.1949104 -0.9808211 1.1799160
0.9773255 -0.2117424 1.6459658
-0.8859209 -0.4638363 0.7550189
0.6337977 -0.7734988 1.1044298
-0.9431986 -0.3322295 0.5945187
-0.6711535 -0.7413184 0.9629377
0.5310101 0.8473655 1.8454293
0.9098516 -0.4149339 1.1362874
-0.9510211 -0.3091259 1.6448477
-0.2540215 0.9671986 0.4967184
-0.6338999 -0.7734151 1.6713512
0.2037778 -0.9790172 0.2360571
-0.4913795 0.8709456 1.5843004
-0.8014726 0.5980315 1.6616426
-0.0101904 -0.9999481 0.4794231
0.7957091 0.6056789 0.2883559
0.9997583 0.0219839 1.2764589
0.6967167 -0.7173464 0.2730600
-0.9304394 -0.3664457 1.9397629
-0.9217266 -0.3878402 0.6182115
0.0474222 0.9988749 0.5317559
-0.7863639 -0.6177636 1.7271838
0.9749048 -0.2226221 1.1348185
0.6835991 0.7298577 0.9711270
0.9588602 0.2838787 1.9534305
-0.6243878 0.7811145 1.5460661
