[2.0,126.12692260742188)
[30.265491485595703,54.58937454223633)
[6.0,24.083189010620117)
[8.9442720413208,26.07680892944336)
[10.0,26.832815170288086)
[14.560219764709473,25.45584487915039)
[10.0,20.0)
[8.0,16.124515533447266)
[51.26402282714844,54.58937454223633)
[10.0,11.313708305358887)
[8.9442720413208,10.198039054870605)
[10.770329475402832,12.0)
[14.560219764709473,15.620499610900879)
[22.360679626464844,23.323806762695312)
[2.0,2.8284270763397217)
[2.0,2.8284270763397217)
[2.0,2.8284270763397217)
[2.0,2.8284270763397217)
[2.0,2.8284270763397217)
[2.0,2.8284270763397217)
[2.0,2.8284270763397217)
[2.0,2.8284270763397217)
[2.0,2.8284270763397217)
[2.0,2.8284270763397217)
[2.0,2.8284270763397217)
[12.0,12.806248664855957)
[12.0,12.806248664855957)
[18.11077117919922,18.867961883544922)
[11.313708305358887,12.0)
[12.165525436401367,12.806248664855957)
[51.41984176635742,52.038448333740234)
[10.770329475402832,11.313708305358887)
[11.661903381347656,12.165525436401367)
[11.661903381347656,12.165525436401367)
[8.0,8.485280990600586)
[18.439088821411133,18.867961883544922)
[11.313708305358887,11.661903381347656)
[11.661903381347656,12.0)
[11.661903381347656,12.0)
[11.661903381347656,12.0)
[11.661903381347656,12.0)
[8.0,8.246211051940918)
[8.246211051940918,8.485280990600586)
[58.13776779174805,58.30952072143555)
[58.13776779174805,58.30952072143555)
[58.13776779174805,58.30952072143555)
[35.608985900878906,35.7770881652832)
[12.0,12.165525436401367)
[12.0,12.165525436401367)
[12.649110794067383,12.806248664855957)
[14.0,14.142135620117188)
[16.0,16.124515533447266)
[16.0,16.124515533447266)
[16.0,16.124515533447266)
