[10.0,141.60508728027344)
[12.0,18.439088821411133)
[2.8284270763397217,4.0)
[8.9442720413208,10.0)
[8.9442720413208,10.0)
[7.211102485656738,8.246211051940918)
[24.413110733032227,25.298221588134766)
[2.0,2.8284270763397217)
[2.0,2.8284270763397217)
[2.0,2.8284270763397217)
[2.0,2.8284270763397217)
[8.246211051940918,8.9442720413208)
[8.0,8.485280990600586)
[4.0,4.4721360206604)
[8.485280990600586,8.9442720413208)
[22.0,22.360679626464844)
[5.656854152679443,6.0)
[5.656854152679443,6.0)
[5.656854152679443,6.0)
[6.0,6.324555397033691)
[6.0,6.324555397033691)
[90.3548583984375,90.55384826660156)
[12.0,12.165525436401367)
[12.0,12.165525436401367)
[25.45584487915039,25.612497329711914)
[25.45584487915039,25.612497329711914)
[22.0,22.090721130371094)
[22.0,22.090721130371094)
[22.0,22.090721130371094)
