[14.0,37.36308288574219)
[10.0,24.331050872802734)
[20.59126091003418,22.803508758544922)
[18.973665237426758,20.880613327026367)
[20.880613327026367,22.0)
[18.973665237426758,20.0)
[18.973665237426758,20.0)
[21.63330841064453,22.627416610717773)
[19.79899024963379,20.59126091003418)
[20.0,20.59126091003418)
[21.540658950805664,22.090721130371094)
[19.697715759277344,20.0)
[19.697715759277344,20.0)
[20.39607810974121,20.59126091003418)
[14.0,14.142135620117188)
[14.0,14.142135620117188)
[19.697715759277344,19.79899024963379)
[20.0,20.099750518798828)
[20.0,20.099750518798828)
[22.0,22.090721130371094)
[22.0,22.090721130371094)
[22.0,22.090721130371094)
[22.0,22.090721130371094)
