[2.0,62.7694206237793)
[156.0,194.257568359375)
[25.298221588134766,38.832977294921875)
[50.35871505737305,52.0)
[57.584720611572266,59.05929183959961)
[60.8276252746582,62.032249450683594)
[61.61168670654297,62.7694206237793)
[2.0,2.8284270763397217)
[54.4058837890625,55.17245864868164)
[54.4058837890625,55.17245864868164)
[53.66563034057617,54.4058837890625)
[55.31726837158203,56.0)
[51.41984176635742,52.038448333740234)
[56.035701751708984,56.63920974731445)
[51.41984176635742,52.0)
[45.607017517089844,46.173583984375)
[61.22091293334961,61.773780822753906)
[45.12205505371094,45.650848388671875)
[43.680660247802734,44.18144226074219)
[61.61168670654297,62.0)
[41.231056213378906,41.617305755615234)
[52.49761962890625,52.801513671875)
[62.22539520263672,62.481998443603516)
[62.481998443603516,62.60990524291992)
[62.64183807373047,62.7694206237793)
[62.64183807373047,62.7694206237793)
[51.92301940917969,52.038448333740234)
[57.20139694213867,57.30619430541992)
[59.93329620361328,60.0333251953125)
[45.607017517089844,45.694637298583984)
[48.08325958251953,48.166378021240234)
[51.92301940917969,52.0)
[62.22539520263672,62.28964614868164)
[41.18252182006836,41.231056213378906)
[50.0,50.03998565673828)
[50.0,50.03998565673828)
[52.0,52.038448333740234)
[52.0,52.038448333740234)
[52.0,52.038448333740234)
[52.0,52.038448333740234)
[52.0,52.038448333740234)
[52.0,52.038448333740234)
[54.0,54.037025451660156)
[54.0,54.037025451660156)
[56.56854248046875,56.603885650634766)
[62.0,62.032249450683594)
[62.0,62.032249450683594)
[156.0,156.0128173828125)
[156.0,156.0128173828125)
[156.0,156.0128173828125)
[156.0,156.0128173828125)
