[14.0,36.878177642822266)
[18.0,24.166091918945312)
[20.880613327026367,22.803508758544922)
[20.099750518798828,22.0)
[22.090721130371094,23.323806762695312)
[21.540658950805664,22.360679626464844)
[21.540658950805664,22.090721130371094)
[22.360679626464844,22.803508758544922)
[19.697715759277344,20.099750518798828)
[21.260292053222656,21.63330841064453)
[21.260292053222656,21.63330841064453)
[19.697715759277344,20.0)
[22.627416610717773,22.803508758544922)
[22.627416610717773,22.803508758544922)
[14.0,14.142135620117188)
[14.0,14.142135620117188)
[19.697715759277344,19.79899024963379)
[22.0,22.090721130371094)
[22.0,22.090721130371094)
[22.0,22.090721130371094)
[22.0,22.090721130371094)
[22.0,22.090721130371094)
