[16.124515533447266,34.0)
[20.099750518798828,32.80244064331055)
[20.0,32.31098937988281)
[47.53945541381836,59.66573715209961)
[48.0,52.95280838012695)
[30.0,32.557640075683594)
[2.0,4.0)
[28.635643005371094,29.529645919799805)
[27.784887313842773,28.635643005371094)
[2.0,2.8284270763397217)
[30.528675079345703,31.240999221801758)
[30.0,30.5941162109375)
[27.85677719116211,28.284271240234375)
[31.240999221801758,31.62277603149414)
[31.62277603149414,32.0)
[30.265491485595703,30.5941162109375)
[31.30495262145996,31.62277603149414)
[29.73213768005371,30.0)
[32.557640075683594,32.80244064331055)
[30.265491485595703,30.463092803955078)
[30.265491485595703,30.463092803955078)
[30.463092803955078,30.5941162109375)
[27.784887313842773,27.85677719116211)
[30.0,30.066593170166016)
[30.463092803955078,30.528675079345703)
[32.0,32.06243896484375)
[48.0,48.041648864746094)
[48.0,48.041648864746094)
[48.0,48.041648864746094)
[48.0,48.041648864746094)
[48.0,48.041648864746094)
[48.0,48.041648864746094)
[48.0,48.041648864746094)
