[66.0,90.022216796875)
[18.0,29.73213768005371)
[22.0,28.07133674621582)
[26.07680892944336,28.07133674621582)
[26.68332862854004,28.0)
[26.68332862854004,27.85677719116211)
[26.832815170288086,27.784887313842773)
[27.784887313842773,28.635643005371094)
[2.0,2.8284270763397217)
[27.20294189453125,27.784887313842773)
[27.20294189453125,27.784887313842773)
[26.305892944335938,26.832815170288086)
[21.540658950805664,22.0)
[20.880613327026367,21.260292053222656)
[26.832815170288086,27.20294189453125)
[26.832815170288086,27.20294189453125)
[19.697715759277344,20.0)
[26.90724754333496,27.20294189453125)
[17.8885440826416,18.11077117919922)
[27.85677719116211,28.0)
[28.284271240234375,28.42534065246582)
[28.284271240234375,28.42534065246582)
[18.0,18.11077117919922)
[19.697715759277344,19.79899024963379)
[21.540658950805664,21.63330841064453)
[22.0,22.090721130371094)
[22.0,22.090721130371094)
[22.0,22.090721130371094)
[26.832815170288086,26.90724754333496)
[27.784887313842773,27.85677719116211)
[27.784887313842773,27.85677719116211)
[28.0,28.07133674621582)
[28.0,28.07133674621582)
[28.0,28.07133674621582)
[28.0,28.07133674621582)
[28.0,28.07133674621582)
[28.0,28.07133674621582)
[28.0,28.07133674621582)
[28.0,28.07133674621582)
[28.0,28.07133674621582)
[66.0,66.0302963256836)
[66.0,66.0302963256836)
[66.0,66.0302963256836)
