[2.0,42.04759216308594)
[40.199501037597656,42.0)
[32.24903106689453,34.0)
[32.24903106689453,34.0)
[32.557640075683594,34.0)
[29.120439529418945,30.463092803955078)
[30.066593170166016,31.30495262145996)
[31.048349380493164,32.0)
[41.231056213378906,42.0)
[41.231056213378906,42.0)
[31.62277603149414,32.06243896484375)
[32.0,32.31098937988281)
[32.0,32.31098937988281)
[14.0,14.142135620117188)
[16.0,16.124515533447266)
[16.0,16.124515533447266)
[28.0,28.07133674621582)
[32.0,32.06243896484375)
[32.0,32.06243896484375)
[34.0,34.058773040771484)
[34.0,34.058773040771484)
[36.0,36.055511474609375)
[36.0,36.055511474609375)
[38.0,38.05259704589844)
[40.0,40.04996871948242)
