[2.0,40.0)
[30.265491485595703,32.0)
[30.265491485595703,32.0)
[28.284271240234375,30.0)
[38.470767974853516,40.0)
[30.5941162109375,32.0)
[30.5941162109375,32.0)
[30.5941162109375,32.0)
[30.5941162109375,32.0)
[28.635643005371094,30.0)
[28.635643005371094,30.0)
[28.635643005371094,30.0)
[30.066593170166016,31.30495262145996)
[30.066593170166016,31.30495262145996)
[30.066593170166016,31.30495262145996)
[38.20994567871094,39.39543151855469)
[38.832977294921875,40.0)
[31.048349380493164,32.0)
[38.470767974853516,39.39543151855469)
[38.470767974853516,39.39543151855469)
[29.120439529418945,30.0)
[29.120439529418945,30.0)
[29.120439529418945,30.0)
[30.0,30.463092803955078)
[38.20994567871094,38.62641525268555)
[29.73213768005371,30.066593170166016)
[29.73213768005371,30.066593170166016)
[32.0,32.06243896484375)
