[2.0,29.529645919799805)
[25.05992889404297,28.284271240234375)
[18.439088821411133,21.540658950805664)
[26.07680892944336,27.85677719116211)
[47.70744323730469,49.39635467529297)
[4.4721360206604,6.0)
[10.0,11.313708305358887)
[19.697715759277344,20.880613327026367)
[16.124515533447266,17.20465087890625)
[17.0880069732666,18.11077117919922)
[51.88448715209961,52.801513671875)
[26.0,26.90724754333496)
[19.697715759277344,20.59126091003418)
[2.0,2.8284270763397217)
[2.0,2.8284270763397217)
[2.0,2.8284270763397217)
[2.0,2.8284270763397217)
[2.0,2.8284270763397217)
[7.211102485656738,8.0)
[13.416407585144043,14.142135620117188)
[25.05992889404297,25.612497329711914)
[17.8885440826416,18.439088821411133)
[10.770329475402832,11.313708305358887)
[19.697715759277344,20.099750518798828)
[20.0,20.39607810974121)
[25.05992889404297,25.45584487915039)
[26.832815170288086,27.20294189453125)
[26.832815170288086,27.20294189453125)
[26.832815170288086,27.20294189453125)
[26.832815170288086,27.20294189453125)
[26.832815170288086,27.20294189453125)
[16.124515533447266,16.492422103881836)
[25.05992889404297,25.298221588134766)
[25.05992889404297,25.298221588134766)
[25.05992889404297,25.298221588134766)
[17.8885440826416,18.11077117919922)
[12.649110794067383,12.806248664855957)
[50.990196228027344,51.107730865478516)
[50.990196228027344,51.107730865478516)
[16.970561981201172,17.0880069732666)
[51.88448715209961,52.0)
[18.867961883544922,18.973665237426758)
[20.0,20.099750518798828)
[20.0,20.099750518798828)
[20.0,20.099750518798828)
[26.832815170288086,26.90724754333496)
[26.832815170288086,26.90724754333496)
[26.832815170288086,26.90724754333496)
[48.332183837890625,48.3735466003418)
