[2.0,21.63330841064453)
[2.0,6.324555397033691)
[2.0,6.0)
[29.529645919799805,33.2866325378418)
[6.0,8.0)
[2.8284270763397217,4.4721360206604)
[18.439088821411133,20.0)
[19.79899024963379,21.260292053222656)
[2.8284270763397217,4.0)
[2.8284270763397217,4.0)
[2.8284270763397217,4.0)
[2.8284270763397217,4.0)
[2.0,2.8284270763397217)
[2.0,2.8284270763397217)
[2.0,2.8284270763397217)
[2.0,2.8284270763397217)
[2.0,2.8284270763397217)
[2.0,2.8284270763397217)
[2.0,2.8284270763397217)
[2.0,2.8284270763397217)
[19.79899024963379,20.59126091003418)
[5.656854152679443,6.324555397033691)
[5.656854152679443,6.324555397033691)
[4.0,4.4721360206604)
[4.0,4.4721360206604)
[4.0,4.4721360206604)
[4.0,4.4721360206604)
[16.124515533447266,16.492422103881836)
[5.656854152679443,6.0)
[5.656854152679443,6.0)
[5.656854152679443,6.0)
[11.661903381347656,12.0)
[19.79899024963379,20.0)
[19.79899024963379,20.0)
[19.79899024963379,20.0)
[19.79899024963379,20.0)
[19.79899024963379,20.0)
[19.79899024963379,20.0)
[31.11269760131836,31.240999221801758)
