[10.0,76.5506362915039)
[2.0,18.11077117919922)
[12.165525436401367,16.124515533447266)
[11.661903381347656,14.0)
[13.416407585144043,15.620499610900879)
[12.0,14.0)
[8.0,10.0)
[12.165525436401367,14.0)
[13.416407585144043,15.231546401977539)
[10.770329475402832,12.165525436401367)
[12.649110794067383,14.0)
[12.649110794067383,14.0)
[10.0,11.313708305358887)
[2.8284270763397217,4.0)
[14.142135620117188,15.231546401977539)
[8.9442720413208,10.0)
[13.416407585144043,14.422204971313477)
[13.416407585144043,14.422204971313477)
[17.0880069732666,18.0)
[15.620499610900879,16.492422103881836)
[2.0,2.8284270763397217)
[2.0,2.8284270763397217)
[12.0,12.806248664855957)
[13.416407585144043,14.142135620117188)
[13.416407585144043,14.142135620117188)
[13.416407585144043,14.142135620117188)
[13.416407585144043,14.142135620117188)
[13.416407585144043,14.142135620117188)
[12.165525436401367,12.806248664855957)
[13.416407585144043,14.0)
[8.0,8.485280990600586)
[16.492422103881836,16.970561981201172)
[4.0,4.4721360206604)
[4.0,4.4721360206604)
[14.142135620117188,14.560219764709473)
[14.142135620117188,14.560219764709473)
[14.142135620117188,14.422204971313477)
[17.8885440826416,18.11077117919922)
[10.0,10.198039054870605)
[10.0,10.198039054870605)
[12.0,12.165525436401367)
[12.0,12.165525436401367)
[12.649110794067383,12.806248664855957)
[12.649110794067383,12.806248664855957)
[12.649110794067383,12.806248664855957)
[14.0,14.142135620117188)
[14.0,14.142135620117188)
[14.0,14.142135620117188)
[14.0,14.142135620117188)
[14.0,14.142135620117188)
[14.0,14.142135620117188)
[14.0,14.142135620117188)
[14.0,14.142135620117188)
[14.0,14.142135620117188)
[14.0,14.142135620117188)
[14.0,14.142135620117188)
[14.422204971313477,14.560219764709473)
[14.422204971313477,14.560219764709473)
[16.0,16.124515533447266)
[17.0880069732666,17.20465087890625)
