[2.0,44.04542922973633)
[54.0,66.0)
[39.293766021728516,44.0)
[20.0,22.803508758544922)
[20.39607810974121,22.360679626464844)
[42.42640686035156,44.0)
[20.099750518798828,21.63330841064453)
[16.492422103881836,18.0)
[16.492422103881836,18.0)
[20.39607810974121,21.63330841064453)
[20.39607810974121,21.540658950805664)
[18.973665237426758,20.0)
[2.0,2.8284270763397217)
[2.0,2.8284270763397217)
[2.0,2.8284270763397217)
[2.0,2.8284270763397217)
[2.0,2.8284270763397217)
[2.0,2.8284270763397217)
[25.298221588134766,26.07680892944336)
[41.231056213378906,42.0)
[13.416407585144043,14.0)
[65.51335906982422,66.0)
[4.0,4.4721360206604)
[15.231546401977539,15.620499610900879)
[42.0,42.379241943359375)
[42.379241943359375,42.7551155090332)
[38.62641525268555,38.832977294921875)
[39.84971618652344,40.04996871948242)
[17.0880069732666,17.20465087890625)
[22.0,22.090721130371094)
[22.0,22.090721130371094)
[22.0,22.090721130371094)
[42.0,42.04759216308594)
[42.0,42.04759216308594)
[42.0,42.04759216308594)
[42.0,42.04759216308594)
[44.0,44.04542922973633)
[44.0,44.04542922973633)
[44.0,44.04542922973633)
[44.0,44.04542922973633)
[54.0,54.037025451660156)
