[29.73213768005371,68.11754608154297)
[2.0,20.59126091003418)
[17.0880069732666,20.39607810974121)
[17.20465087890625,19.697715759277344)
[17.20465087890625,18.973665237426758)
[12.806248664855957,14.422204971313477)
[16.970561981201172,18.439088821411133)
[18.439088821411133,19.79899024963379)
[17.0880069732666,18.439088821411133)
[17.0880069732666,18.439088821411133)
[14.422204971313477,15.620499610900879)
[14.422204971313477,15.620499610900879)
[17.8885440826416,18.973665237426758)
[17.8885440826416,18.973665237426758)
[14.560219764709473,15.620499610900879)
[18.867961883544922,19.79899024963379)
[18.867961883544922,19.79899024963379)
[16.970561981201172,17.8885440826416)
[17.0880069732666,18.0)
[2.0,2.8284270763397217)
[2.0,2.8284270763397217)
[2.0,2.8284270763397217)
[18.973665237426758,19.79899024963379)
[18.11077117919922,18.867961883544922)
[13.416407585144043,14.0)
[17.8885440826416,18.439088821411133)
[17.8885440826416,18.439088821411133)
[17.8885440826416,18.439088821411133)
[15.231546401977539,15.620499610900879)
[16.124515533447266,16.492422103881836)
[19.697715759277344,20.0)
[19.697715759277344,20.0)
[16.970561981201172,17.20465087890625)
[17.8885440826416,18.11077117919922)
[17.8885440826416,18.11077117919922)
[17.8885440826416,18.11077117919922)
[12.649110794067383,12.806248664855957)
[14.422204971313477,14.560219764709473)
[14.422204971313477,14.560219764709473)
[17.0880069732666,17.20465087890625)
[17.0880069732666,17.20465087890625)
[17.8885440826416,18.0)
[18.0,18.11077117919922)
[18.0,18.11077117919922)
[18.0,18.11077117919922)
[18.0,18.11077117919922)
[18.867961883544922,18.973665237426758)
[18.867961883544922,18.973665237426758)
[19.697715759277344,19.79899024963379)
[19.697715759277344,19.79899024963379)
