[2.0,28.844409942626953)
[25.05992889404297,28.284271240234375)
[18.867961883544922,20.880613327026367)
[10.0,11.661903381347656)
[19.697715759277344,21.260292053222656)
[52.49761962890625,53.81449508666992)
[2.8284270763397217,4.0)
[18.973665237426758,20.099750518798828)
[47.70744323730469,48.82622146606445)
[16.124515533447266,17.20465087890625)
[8.9442720413208,10.0)
[8.9442720413208,10.0)
[26.832815170288086,27.85677719116211)
[26.832815170288086,27.85677719116211)
[26.832815170288086,27.85677719116211)
[17.0880069732666,18.11077117919922)
[51.88448715209961,52.801513671875)
[26.0,26.90724754333496)
[10.770329475402832,11.661903381347656)
[2.0,2.8284270763397217)
[2.0,2.8284270763397217)
[2.0,2.8284270763397217)
[2.0,2.8284270763397217)
[2.0,2.8284270763397217)
[2.0,2.8284270763397217)
[13.416407585144043,14.142135620117188)
[17.8885440826416,18.439088821411133)
[10.770329475402832,11.313708305358887)
[4.0,4.4721360206604)
[25.05992889404297,25.45584487915039)
[25.05992889404297,25.45584487915039)
[26.832815170288086,27.20294189453125)
[26.832815170288086,27.20294189453125)
[26.832815170288086,27.20294189453125)
[16.124515533447266,16.492422103881836)
[48.3735466003418,48.703182220458984)
[19.697715759277344,20.0)
[20.59126091003418,20.880613327026367)
[25.05992889404297,25.298221588134766)
[17.8885440826416,18.11077117919922)
[19.79899024963379,20.0)
[19.79899024963379,20.0)
[22.627416610717773,22.803508758544922)
[14.422204971313477,14.560219764709473)
[50.990196228027344,51.107730865478516)
[51.88448715209961,52.0)
[51.88448715209961,52.0)
[20.0,20.099750518798828)
[20.0,20.099750518798828)
[20.0,20.099750518798828)
[20.0,20.099750518798828)
[20.0,20.099750518798828)
[20.0,20.099750518798828)
[20.0,20.099750518798828)
[20.0,20.099750518798828)
[26.832815170288086,26.90724754333496)
[27.784887313842773,27.85677719116211)
[48.332183837890625,48.3735466003418)
