[40.4474983215332,109.83624267578125)
[2.0,25.298221588134766)
[17.8885440826416,21.260292053222656)
[18.439088821411133,21.260292053222656)
[16.124515533447266,18.867961883544922)
[18.973665237426758,21.260292053222656)
[17.8885440826416,20.0)
[18.439088821411133,20.099750518798828)
[18.439088821411133,20.099750518798828)
[16.492422103881836,18.0)
[18.439088821411133,19.697715759277344)
[18.867961883544922,20.0)
[19.79899024963379,20.880613327026367)
[14.560219764709473,15.620499610900879)
[22.360679626464844,23.409399032592773)
[23.323806762695312,24.331050872802734)
[17.8885440826416,18.867961883544922)
[17.8885440826416,18.867961883544922)
[23.409399032592773,24.331050872802734)
[15.231546401977539,16.124515533447266)
[20.0,20.880613327026367)
[20.0,20.880613327026367)
[2.0,2.8284270763397217)
[2.0,2.8284270763397217)
[2.0,2.8284270763397217)
[2.0,2.8284270763397217)
[2.0,2.8284270763397217)
[2.0,2.8284270763397217)
[19.697715759277344,20.39607810974121)
[22.803508758544922,23.409399032592773)
[19.79899024963379,20.39607810974121)
[17.8885440826416,18.439088821411133)
[17.8885440826416,18.439088821411133)
[17.8885440826416,18.439088821411133)
[20.099750518798828,20.59126091003418)
[18.439088821411133,18.867961883544922)
[19.697715759277344,20.099750518798828)
[21.260292053222656,21.63330841064453)
[5.656854152679443,6.0)
[19.697715759277344,20.0)
[19.697715759277344,20.0)
[19.697715759277344,20.0)
[20.59126091003418,20.880613327026367)
[19.79899024963379,20.0)
[20.39607810974121,20.59126091003418)
[22.627416610717773,22.803508758544922)
[22.627416610717773,22.803508758544922)
[16.0,16.124515533447266)
[16.0,16.124515533447266)
[16.0,16.124515533447266)
[16.0,16.124515533447266)
[17.8885440826416,18.0)
[20.0,20.099750518798828)
[20.0,20.099750518798828)
[20.0,20.099750518798828)
