[26.832815170288086,68.26419067382812)
[2.0,20.880613327026367)
[17.0880069732666,20.880613327026367)
[16.970561981201172,18.973665237426758)
[16.124515533447266,18.11077117919922)
[14.142135620117188,16.0)
[18.439088821411133,20.099750518798828)
[16.492422103881836,18.0)
[17.0880069732666,18.439088821411133)
[12.806248664855957,14.142135620117188)
[14.422204971313477,15.620499610900879)
[11.661903381347656,12.806248664855957)
[13.416407585144043,14.560219764709473)
[17.8885440826416,18.973665237426758)
[18.0,18.973665237426758)
[18.867961883544922,19.79899024963379)
[17.0880069732666,18.0)
[2.0,2.8284270763397217)
[2.0,2.8284270763397217)
[2.0,2.8284270763397217)
[2.0,2.8284270763397217)
[13.416407585144043,14.142135620117188)
[13.416407585144043,14.0)
[17.8885440826416,18.439088821411133)
[17.8885440826416,18.439088821411133)
[17.8885440826416,18.439088821411133)
[17.8885440826416,18.439088821411133)
[18.439088821411133,18.973665237426758)
[18.439088821411133,18.973665237426758)
[18.439088821411133,18.973665237426758)
[18.0,18.439088821411133)
[18.439088821411133,18.867961883544922)
[15.231546401977539,15.620499610900879)
[5.656854152679443,6.0)
[19.697715759277344,20.0)
[20.59126091003418,20.880613327026367)
[8.246211051940918,8.485280990600586)
[16.970561981201172,17.20465087890625)
[17.8885440826416,18.11077117919922)
[14.422204971313477,14.560219764709473)
[14.422204971313477,14.560219764709473)
[31.11269760131836,31.240999221801758)
[16.970561981201172,17.0880069732666)
[17.0880069732666,17.20465087890625)
[17.0880069732666,17.20465087890625)
[17.0880069732666,17.20465087890625)
[17.0880069732666,17.20465087890625)
[18.0,18.11077117919922)
[18.0,18.11077117919922)
[18.0,18.11077117919922)
[18.0,18.11077117919922)
[18.0,18.11077117919922)
[18.867961883544922,18.973665237426758)
[18.867961883544922,18.973665237426758)
[18.867961883544922,18.973665237426758)
[18.867961883544922,18.973665237426758)
[19.697715759277344,19.79899024963379)
