[-0.47761194029850745,inf)
[-0.4577114427860697,-0.21890547263681592)
[-0.43781094527363185,-0.21890547263681592)
[-0.47761194029850745,-0.417910447761194)
[-0.47761194029850745,-0.47761194029850745)
[-0.47761194029850745,-0.47761194029850745)
[-0.47761194029850745,-0.47761194029850745)
[-0.47761194029850745,-0.47761194029850745)
[-0.47761194029850745,-0.47761194029850745)
[-0.47761194029850745,-0.47761194029850745)
[-0.47761194029850745,-0.47761194029850745)
[-0.47761194029850745,-0.47761194029850745)
[-0.47761194029850745,-0.47761194029850745)
[-0.47761194029850745,-0.47761194029850745)
[-0.47761194029850745,-0.47761194029850745)
[-0.47761194029850745,-0.47761194029850745)
[-0.47761194029850745,-0.47761194029850745)
[-0.4577114427860697,-0.4577114427860697)
[-0.4577114427860697,-0.4577114427860697)
[-0.4577114427860697,-0.4577114427860697)
[-0.4577114427860697,-0.4577114427860697)
[-0.4577114427860697,-0.4577114427860697)
[-0.4577114427860697,-0.4577114427860697)
[-0.4577114427860697,-0.4577114427860697)
[-0.4577114427860697,-0.4577114427860697)
[-0.4577114427860697,-0.4577114427860697)
[-0.4577114427860697,-0.4577114427860697)
[-0.4577114427860697,-0.4577114427860697)
[-0.4577114427860697,-0.4577114427860697)
[-0.4577114427860697,-0.4577114427860697)
[-0.4577114427860697,-0.4577114427860697)
[-0.4577114427860697,-0.4577114427860697)
[-0.4577114427860697,-0.4577114427860697)
[-0.4577114427860697,-0.4577114427860697)
[-0.4577114427860697,-0.4577114427860697)
[-0.4577114427860697,-0.4577114427860697)
[-0.4577114427860697,-0.4577114427860697)
[-0.4577114427860697,-0.4577114427860697)
[-0.4577114427860697,-0.4577114427860697)
[-0.43781094527363185,-0.43781094527363185)
[-0.43781094527363185,-0.43781094527363185)
[-0.43781094527363185,-0.43781094527363185)
[-0.43781094527363185,-0.43781094527363185)
[-0.43781094527363185,-0.43781094527363185)
[-0.43781094527363185,-0.43781094527363185)
[-0.43781094527363185,-0.43781094527363185)
[-0.43781094527363185,-0.43781094527363185)
[-0.43781094527363185,-0.43781094527363185)
[-0.43781094527363185,-0.43781094527363185)
[-0.43781094527363185,-0.43781094527363185)
[-0.43781094527363185,-0.43781094527363185)
[-0.43781094527363185,-0.43781094527363185)
[-0.43781094527363185,-0.43781094527363185)
[-0.43781094527363185,-0.43781094527363185)
[-0.43781094527363185,-0.43781094527363185)
[-0.43781094527363185,-0.43781094527363185)
[-0.43781094527363185,-0.43781094527363185)
[-0.43781094527363185,-0.43781094527363185)
[-0.43781094527363185,-0.43781094527363185)
[-0.417910447761194,-0.417910447761194)
[-0.417910447761194,-0.417910447761194)
[-0.417910447761194,-0.417910447761194)
[-0.417910447761194,-0.417910447761194)
[-0.417910447761194,-0.417910447761194)
[-0.417910447761194,-0.417910447761194)
[-0.417910447761194,-0.417910447761194)
[-0.417910447761194,-0.417910447761194)
[-0.417910447761194,-0.417910447761194)
[-0.417910447761194,-0.417910447761194)
[-0.417910447761194,-0.417910447761194)
[-0.417910447761194,-0.417910447761194)
[-0.417910447761194,-0.417910447761194)
[-0.417910447761194,-0.417910447761194)
[-0.417910447761194,-0.417910447761194)
[-0.417910447761194,-0.417910447761194)
[-0.39800995024875624,-0.39800995024875624)
[-0.39800995024875624,-0.39800995024875624)
[-0.39800995024875624,-0.39800995024875624)
[-0.39800995024875624,-0.39800995024875624)
[-0.39800995024875624,-0.39800995024875624)
[-0.39800995024875624,-0.39800995024875624)
[-0.39800995024875624,-0.39800995024875624)
[-0.39800995024875624,-0.39800995024875624)
[-0.39800995024875624,-0.39800995024875624)
[-0.39800995024875624,-0.39800995024875624)
[-0.39800995024875624,-0.39800995024875624)
[-0.3781094527363184,-0.3781094527363184)
[-0.3781094527363184,-0.3781094527363184)
[-0.3781094527363184,-0.3781094527363184)
[-0.3781094527363184,-0.3781094527363184)
[-0.3781094527363184,-0.3781094527363184)
[-0.3781094527363184,-0.3781094527363184)
[-0.3781094527363184,-0.3781094527363184)
[-0.3781094527363184,-0.3781094527363184)
[-0.3781094527363184,-0.3781094527363184)
[-0.3582089552238806,-0.3582089552238806)
[-0.3582089552238806,-0.3582089552238806)
[-0.3582089552238806,-0.3582089552238806)
[-0.3582089552238806,-0.3582089552238806)
[-0.3582089552238806,-0.3582089552238806)
[-0.3582089552238806,-0.3582089552238806)
[-0.3582089552238806,-0.3582089552238806)
[-0.3582089552238806,-0.3582089552238806)
[-0.3582089552238806,-0.3582089552238806)
[-0.3582089552238806,-0.3582089552238806)
[-0.3383084577114428,-0.3383084577114428)
[-0.3383084577114428,-0.3383084577114428)
[-0.3383084577114428,-0.3383084577114428)
[-0.3383084577114428,-0.3383084577114428)
[-0.3383084577114428,-0.3383084577114428)
[-0.3383084577114428,-0.3383084577114428)
[-0.3383084577114428,-0.3383084577114428)
[-0.3383084577114428,-0.3383084577114428)
[-0.3383084577114428,-0.3383084577114428)
[-0.3383084577114428,-0.3383084577114428)
[-0.3383084577114428,-0.3383084577114428)
[-0.31840796019900497,-0.31840796019900497)
[-0.31840796019900497,-0.31840796019900497)
[-0.31840796019900497,-0.31840796019900497)
[-0.31840796019900497,-0.31840796019900497)
[-0.31840796019900497,-0.31840796019900497)
[-0.31840796019900497,-0.31840796019900497)
[-0.31840796019900497,-0.31840796019900497)
[-0.31840796019900497,-0.31840796019900497)
[-0.31840796019900497,-0.31840796019900497)
[-0.31840796019900497,-0.31840796019900497)
[-0.29850746268656714,-0.29850746268656714)
[-0.29850746268656714,-0.29850746268656714)
[-0.29850746268656714,-0.29850746268656714)
[-0.29850746268656714,-0.29850746268656714)
[-0.29850746268656714,-0.29850746268656714)
[-0.29850746268656714,-0.29850746268656714)
[-0.29850746268656714,-0.29850746268656714)
[-0.29850746268656714,-0.29850746268656714)
[-0.29850746268656714,-0.29850746268656714)
[-0.27860696517412936,-0.27860696517412936)
[-0.27860696517412936,-0.27860696517412936)
[-0.27860696517412936,-0.27860696517412936)
[-0.27860696517412936,-0.27860696517412936)
[-0.27860696517412936,-0.27860696517412936)
[-0.27860696517412936,-0.27860696517412936)
[-0.27860696517412936,-0.27860696517412936)
[-0.27860696517412936,-0.27860696517412936)
[-0.27860696517412936,-0.27860696517412936)
[-0.27860696517412936,-0.27860696517412936)
[-0.27860696517412936,-0.27860696517412936)
[-0.25870646766169153,-0.25870646766169153)
[-0.25870646766169153,-0.25870646766169153)
[-0.25870646766169153,-0.25870646766169153)
[-0.25870646766169153,-0.25870646766169153)
[-0.25870646766169153,-0.25870646766169153)
[-0.25870646766169153,-0.25870646766169153)
[-0.25870646766169153,-0.25870646766169153)
[-0.25870646766169153,-0.25870646766169153)
[-0.25870646766169153,-0.25870646766169153)
[-0.25870646766169153,-0.25870646766169153)
[-0.25870646766169153,-0.25870646766169153)
[-0.25870646766169153,-0.25870646766169153)
[-0.25870646766169153,-0.25870646766169153)
[-0.25870646766169153,-0.25870646766169153)
[-0.25870646766169153,-0.25870646766169153)
[-0.23880597014925373,-0.23880597014925373)
[-0.23880597014925373,-0.23880597014925373)
[-0.23880597014925373,-0.23880597014925373)
[-0.23880597014925373,-0.23880597014925373)
[-0.23880597014925373,-0.23880597014925373)
[-0.23880597014925373,-0.23880597014925373)
[-0.23880597014925373,-0.23880597014925373)
[-0.23880597014925373,-0.23880597014925373)
[-0.23880597014925373,-0.23880597014925373)
[-0.23880597014925373,-0.23880597014925373)
[-0.23880597014925373,-0.23880597014925373)
[-0.23880597014925373,-0.23880597014925373)
[-0.23880597014925373,-0.23880597014925373)
[-0.23880597014925373,-0.23880597014925373)
[-0.23880597014925373,-0.23880597014925373)
[-0.23880597014925373,-0.23880597014925373)
[-0.23880597014925373,-0.23880597014925373)
[-0.23880597014925373,-0.23880597014925373)
[-0.23880597014925373,-0.23880597014925373)
[-0.23880597014925373,-0.23880597014925373)
[-0.21890547263681592,-0.21890547263681592)
[-0.21890547263681592,-0.21890547263681592)
[-0.21890547263681592,-0.21890547263681592)
[-0.21890547263681592,-0.21890547263681592)
[-0.21890547263681592,-0.21890547263681592)
[-0.21890547263681592,-0.21890547263681592)
[-0.21890547263681592,-0.21890547263681592)
[-0.21890547263681592,-0.21890547263681592)
[-0.21890547263681592,-0.21890547263681592)
[-0.21890547263681592,-0.21890547263681592)
[-0.21890547263681592,-0.21890547263681592)
[-0.21890547263681592,-0.21890547263681592)
[-0.21890547263681592,-0.21890547263681592)
[-0.21890547263681592,-0.21890547263681592)
[-0.21890547263681592,-0.21890547263681592)
[-0.21890547263681592,-0.21890547263681592)
[-0.21890547263681592,-0.21890547263681592)
[-0.21890547263681592,-0.21890547263681592)
[-0.21890547263681592,-0.21890547263681592)
[-0.21890547263681592,-0.21890547263681592)
[-0.21890547263681592,-0.21890547263681592)
[-0.21890547263681592,-0.21890547263681592)
[-0.19900497512437812,-0.19900497512437812)
[-0.19900497512437812,-0.19900497512437812)
[-0.19900497512437812,-0.19900497512437812)
[-0.19900497512437812,-0.19900497512437812)
[-0.19900497512437812,-0.19900497512437812)
[-0.19900497512437812,-0.19900497512437812)
[-0.19900497512437812,-0.19900497512437812)
[-0.19900497512437812,-0.19900497512437812)
[-0.19900497512437812,-0.19900497512437812)
[-0.19900497512437812,-0.19900497512437812)
[-0.19900497512437812,-0.19900497512437812)
[-0.19900497512437812,-0.19900497512437812)
[-0.19900497512437812,-0.19900497512437812)
[-0.19900497512437812,-0.19900497512437812)
[-0.19900497512437812,-0.19900497512437812)
[-0.19900497512437812,-0.19900497512437812)
[-0.19900497512437812,-0.19900497512437812)
[-0.19900497512437812,-0.19900497512437812)
[-0.19900497512437812,-0.19900497512437812)
[-0.1791044776119403,-0.1791044776119403)
[-0.1791044776119403,-0.1791044776119403)
[-0.1791044776119403,-0.1791044776119403)
[-0.1791044776119403,-0.1791044776119403)
[-0.1791044776119403,-0.1791044776119403)
[-0.1791044776119403,-0.1791044776119403)
[-0.1791044776119403,-0.1791044776119403)
[-0.1791044776119403,-0.1791044776119403)
[-0.1791044776119403,-0.1791044776119403)
[-0.1791044776119403,-0.1791044776119403)
[-0.1791044776119403,-0.1791044776119403)
[-0.1791044776119403,-0.1791044776119403)
[-0.1791044776119403,-0.1791044776119403)
[-0.1791044776119403,-0.1791044776119403)
[-0.1791044776119403,-0.1791044776119403)
[-0.1791044776119403,-0.1791044776119403)
[-0.15920398009950248,-0.15920398009950248)
[-0.15920398009950248,-0.15920398009950248)
[-0.15920398009950248,-0.15920398009950248)
[-0.15920398009950248,-0.15920398009950248)
[-0.15920398009950248,-0.15920398009950248)
[-0.15920398009950248,-0.15920398009950248)
[-0.15920398009950248,-0.15920398009950248)
[-0.15920398009950248,-0.15920398009950248)
[-0.15920398009950248,-0.15920398009950248)
[-0.15920398009950248,-0.15920398009950248)
[-0.15920398009950248,-0.15920398009950248)
[-0.15920398009950248,-0.15920398009950248)
[-0.15920398009950248,-0.15920398009950248)
[-0.15920398009950248,-0.15920398009950248)
[-0.15920398009950248,-0.15920398009950248)
[-0.15920398009950248,-0.15920398009950248)
[-0.13930348258706468,-0.13930348258706468)
[-0.13930348258706468,-0.13930348258706468)
[-0.13930348258706468,-0.13930348258706468)
[-0.13930348258706468,-0.13930348258706468)
[-0.13930348258706468,-0.13930348258706468)
[-0.13930348258706468,-0.13930348258706468)
[-0.13930348258706468,-0.13930348258706468)
[-0.13930348258706468,-0.13930348258706468)
[-0.13930348258706468,-0.13930348258706468)
[-0.13930348258706468,-0.13930348258706468)
[-0.13930348258706468,-0.13930348258706468)
[-0.13930348258706468,-0.13930348258706468)
[-0.13930348258706468,-0.13930348258706468)
[-0.13930348258706468,-0.13930348258706468)
[-0.13930348258706468,-0.13930348258706468)
[-0.13930348258706468,-0.13930348258706468)
[-0.11940298507462686,-0.11940298507462686)
[-0.11940298507462686,-0.11940298507462686)
[-0.11940298507462686,-0.11940298507462686)
[-0.11940298507462686,-0.11940298507462686)
[-0.11940298507462686,-0.11940298507462686)
[-0.11940298507462686,-0.11940298507462686)
[-0.11940298507462686,-0.11940298507462686)
[-0.11940298507462686,-0.11940298507462686)
[-0.11940298507462686,-0.11940298507462686)
[-0.11940298507462686,-0.11940298507462686)
[-0.11940298507462686,-0.11940298507462686)
[-0.11940298507462686,-0.11940298507462686)
[-0.11940298507462686,-0.11940298507462686)
[-0.11940298507462686,-0.11940298507462686)
[-0.11940298507462686,-0.11940298507462686)
[-0.11940298507462686,-0.11940298507462686)
[-0.11940298507462686,-0.11940298507462686)
[-0.11940298507462686,-0.11940298507462686)
[-0.11940298507462686,-0.11940298507462686)
[-0.09950248756218906,-0.09950248756218906)
[-0.09950248756218906,-0.09950248756218906)
[-0.09950248756218906,-0.09950248756218906)
[-0.09950248756218906,-0.09950248756218906)
[-0.09950248756218906,-0.09950248756218906)
[-0.09950248756218906,-0.09950248756218906)
[-0.09950248756218906,-0.09950248756218906)
[-0.09950248756218906,-0.09950248756218906)
[-0.09950248756218906,-0.09950248756218906)
[-0.09950248756218906,-0.09950248756218906)
[-0.09950248756218906,-0.09950248756218906)
[-0.09950248756218906,-0.09950248756218906)
[-0.09950248756218906,-0.09950248756218906)
[-0.09950248756218906,-0.09950248756218906)
[-0.09950248756218906,-0.09950248756218906)
[-0.09950248756218906,-0.09950248756218906)
[-0.09950248756218906,-0.09950248756218906)
[-0.09950248756218906,-0.09950248756218906)
[-0.09950248756218906,-0.09950248756218906)
[-0.09950248756218906,-0.09950248756218906)
[-0.09950248756218906,-0.09950248756218906)
[-0.09950248756218906,-0.09950248756218906)
[-0.09950248756218906,-0.09950248756218906)
[-0.09950248756218906,-0.09950248756218906)
[-0.07960199004975124,-0.07960199004975124)
[-0.07960199004975124,-0.07960199004975124)
[-0.07960199004975124,-0.07960199004975124)
[-0.07960199004975124,-0.07960199004975124)
[-0.07960199004975124,-0.07960199004975124)
[-0.07960199004975124,-0.07960199004975124)
[-0.07960199004975124,-0.07960199004975124)
[-0.07960199004975124,-0.07960199004975124)
[-0.07960199004975124,-0.07960199004975124)
[-0.07960199004975124,-0.07960199004975124)
[-0.07960199004975124,-0.07960199004975124)
[-0.07960199004975124,-0.07960199004975124)
[-0.07960199004975124,-0.07960199004975124)
[-0.07960199004975124,-0.07960199004975124)
[-0.07960199004975124,-0.07960199004975124)
[-0.07960199004975124,-0.07960199004975124)
[-0.07960199004975124,-0.07960199004975124)
[-0.07960199004975124,-0.07960199004975124)
[-0.07960199004975124,-0.07960199004975124)
[-0.07960199004975124,-0.07960199004975124)
[-0.07960199004975124,-0.07960199004975124)
[-0.07960199004975124,-0.07960199004975124)
[-0.07960199004975124,-0.07960199004975124)
[-0.07960199004975124,-0.07960199004975124)
[-0.07960199004975124,-0.07960199004975124)
[-0.05970149253731343,-0.05970149253731343)
[-0.05970149253731343,-0.05970149253731343)
[-0.05970149253731343,-0.05970149253731343)
[-0.05970149253731343,-0.05970149253731343)
[-0.05970149253731343,-0.05970149253731343)
[-0.05970149253731343,-0.05970149253731343)
[-0.05970149253731343,-0.05970149253731343)
[-0.05970149253731343,-0.05970149253731343)
[-0.05970149253731343,-0.05970149253731343)
[-0.05970149253731343,-0.05970149253731343)
[-0.05970149253731343,-0.05970149253731343)
[-0.05970149253731343,-0.05970149253731343)
[-0.05970149253731343,-0.05970149253731343)
[-0.05970149253731343,-0.05970149253731343)
[-0.05970149253731343,-0.05970149253731343)
[-0.05970149253731343,-0.05970149253731343)
[-0.05970149253731343,-0.05970149253731343)
[-0.05970149253731343,-0.05970149253731343)
[-0.05970149253731343,-0.05970149253731343)
[-0.05970149253731343,-0.05970149253731343)
[-0.05970149253731343,-0.05970149253731343)
[-0.05970149253731343,-0.05970149253731343)
[-0.05970149253731343,-0.05970149253731343)
[-0.03980099502487562,-0.03980099502487562)
[-0.03980099502487562,-0.03980099502487562)
[-0.03980099502487562,-0.03980099502487562)
[-0.03980099502487562,-0.03980099502487562)
[-0.03980099502487562,-0.03980099502487562)
[-0.03980099502487562,-0.03980099502487562)
[-0.03980099502487562,-0.03980099502487562)
[-0.03980099502487562,-0.03980099502487562)
[-0.03980099502487562,-0.03980099502487562)
[-0.03980099502487562,-0.03980099502487562)
[-0.03980099502487562,-0.03980099502487562)
[-0.03980099502487562,-0.03980099502487562)
[-0.03980099502487562,-0.03980099502487562)
[-0.03980099502487562,-0.03980099502487562)
[-0.03980099502487562,-0.03980099502487562)
[-0.03980099502487562,-0.03980099502487562)
[-0.03980099502487562,-0.03980099502487562)
[-0.03980099502487562,-0.03980099502487562)
[-0.03980099502487562,-0.03980099502487562)
[-0.03980099502487562,-0.03980099502487562)
[-0.03980099502487562,-0.03980099502487562)
[-0.01990049751243781,-0.01990049751243781)
[-0.01990049751243781,-0.01990049751243781)
[-0.01990049751243781,-0.01990049751243781)
[-0.01990049751243781,-0.01990049751243781)
[-0.01990049751243781,-0.01990049751243781)
[-0.01990049751243781,-0.01990049751243781)
[-0.01990049751243781,-0.01990049751243781)
[-0.01990049751243781,-0.01990049751243781)
[-0.01990049751243781,-0.01990049751243781)
[-0.01990049751243781,-0.01990049751243781)
[-0.01990049751243781,-0.01990049751243781)
[-0.01990049751243781,-0.01990049751243781)
[-0.01990049751243781,-0.01990049751243781)
[-0.01990049751243781,-0.01990049751243781)
[-0.01990049751243781,-0.01990049751243781)
[-0.01990049751243781,-0.01990049751243781)
[-0.01990049751243781,-0.01990049751243781)
[-0.01990049751243781,-0.01990049751243781)
[-0.01990049751243781,-0.01990049751243781)
[-0.01990049751243781,-0.01990049751243781)
[-0.01990049751243781,-0.01990049751243781)
[-0.01990049751243781,-0.01990049751243781)
[0.0,0.0)
[0.0,0.0)
[0.0,0.0)
[0.0,0.0)
[0.0,0.0)
[0.0,0.0)
[0.0,0.0)
[0.0,0.0)
[0.0,0.0)
[0.0,0.0)
[0.0,0.0)
[0.0,0.0)
[0.0,0.0)
[0.0,0.0)
[0.0,0.0)
[0.0,0.0)
[0.0,0.0)
[0.0,0.0)
[0.0,0.0)
[0.0,0.0)
[0.0,0.0)
[0.01990049751243781,0.01990049751243781)
[0.01990049751243781,0.01990049751243781)
[0.01990049751243781,0.01990049751243781)
[0.01990049751243781,0.01990049751243781)
[0.01990049751243781,0.01990049751243781)
[0.01990049751243781,0.01990049751243781)
[0.01990049751243781,0.01990049751243781)
[0.01990049751243781,0.01990049751243781)
[0.01990049751243781,0.01990049751243781)
[0.01990049751243781,0.01990049751243781)
[0.01990049751243781,0.01990049751243781)
[0.01990049751243781,0.01990049751243781)
[0.01990049751243781,0.01990049751243781)
[0.01990049751243781,0.01990049751243781)
[0.01990049751243781,0.01990049751243781)
[0.01990049751243781,0.01990049751243781)
[0.01990049751243781,0.01990049751243781)
[0.01990049751243781,0.01990049751243781)
[0.01990049751243781,0.01990049751243781)
[0.01990049751243781,0.01990049751243781)
[0.01990049751243781,0.01990049751243781)
[0.03980099502487562,0.03980099502487562)
[0.03980099502487562,0.03980099502487562)
[0.03980099502487562,0.03980099502487562)
[0.03980099502487562,0.03980099502487562)
[0.03980099502487562,0.03980099502487562)
[0.03980099502487562,0.03980099502487562)
[0.03980099502487562,0.03980099502487562)
[0.03980099502487562,0.03980099502487562)
[0.03980099502487562,0.03980099502487562)
[0.03980099502487562,0.03980099502487562)
[0.03980099502487562,0.03980099502487562)
[0.03980099502487562,0.03980099502487562)
[0.03980099502487562,0.03980099502487562)
[0.03980099502487562,0.03980099502487562)
[0.03980099502487562,0.03980099502487562)
[0.03980099502487562,0.03980099502487562)
[0.03980099502487562,0.03980099502487562)
[0.03980099502487562,0.03980099502487562)
[0.03980099502487562,0.03980099502487562)
[0.03980099502487562,0.03980099502487562)
[0.03980099502487562,0.03980099502487562)
[0.03980099502487562,0.03980099502487562)
[0.03980099502487562,0.03980099502487562)
[0.03980099502487562,0.03980099502487562)
[0.05970149253731343,0.05970149253731343)
[0.05970149253731343,0.05970149253731343)
[0.05970149253731343,0.05970149253731343)
[0.05970149253731343,0.05970149253731343)
[0.05970149253731343,0.05970149253731343)
[0.05970149253731343,0.05970149253731343)
[0.05970149253731343,0.05970149253731343)
[0.05970149253731343,0.05970149253731343)
[0.05970149253731343,0.05970149253731343)
[0.05970149253731343,0.05970149253731343)
[0.05970149253731343,0.05970149253731343)
[0.05970149253731343,0.05970149253731343)
[0.05970149253731343,0.05970149253731343)
[0.05970149253731343,0.05970149253731343)
[0.05970149253731343,0.05970149253731343)
[0.05970149253731343,0.05970149253731343)
[0.05970149253731343,0.05970149253731343)
[0.05970149253731343,0.05970149253731343)
[0.05970149253731343,0.05970149253731343)
[0.05970149253731343,0.05970149253731343)
[0.05970149253731343,0.05970149253731343)
[0.05970149253731343,0.05970149253731343)
[0.05970149253731343,0.05970149253731343)
[0.05970149253731343,0.05970149253731343)
[0.05970149253731343,0.05970149253731343)
[0.07960199004975124,0.07960199004975124)
[0.07960199004975124,0.07960199004975124)
[0.07960199004975124,0.07960199004975124)
[0.07960199004975124,0.07960199004975124)
[0.07960199004975124,0.07960199004975124)
[0.07960199004975124,0.07960199004975124)
[0.07960199004975124,0.07960199004975124)
[0.07960199004975124,0.07960199004975124)
[0.07960199004975124,0.07960199004975124)
[0.07960199004975124,0.07960199004975124)
[0.07960199004975124,0.07960199004975124)
[0.07960199004975124,0.07960199004975124)
[0.07960199004975124,0.07960199004975124)
[0.07960199004975124,0.07960199004975124)
[0.07960199004975124,0.07960199004975124)
[0.07960199004975124,0.07960199004975124)
[0.07960199004975124,0.07960199004975124)
[0.07960199004975124,0.07960199004975124)
[0.07960199004975124,0.07960199004975124)
[0.07960199004975124,0.07960199004975124)
[0.07960199004975124,0.07960199004975124)
[0.07960199004975124,0.07960199004975124)
[0.07960199004975124,0.07960199004975124)
[0.07960199004975124,0.07960199004975124)
[0.07960199004975124,0.07960199004975124)
[0.07960199004975124,0.07960199004975124)
[0.07960199004975124,0.07960199004975124)
[0.07960199004975124,0.07960199004975124)
[0.09950248756218906,0.09950248756218906)
[0.09950248756218906,0.09950248756218906)
[0.09950248756218906,0.09950248756218906)
[0.09950248756218906,0.09950248756218906)
[0.09950248756218906,0.09950248756218906)
[0.09950248756218906,0.09950248756218906)
[0.09950248756218906,0.09950248756218906)
[0.09950248756218906,0.09950248756218906)
[0.09950248756218906,0.09950248756218906)
[0.09950248756218906,0.09950248756218906)
[0.09950248756218906,0.09950248756218906)
[0.09950248756218906,0.09950248756218906)
[0.09950248756218906,0.09950248756218906)
[0.09950248756218906,0.09950248756218906)
[0.09950248756218906,0.09950248756218906)
[0.09950248756218906,0.09950248756218906)
[0.09950248756218906,0.09950248756218906)
[0.09950248756218906,0.09950248756218906)
[0.09950248756218906,0.09950248756218906)
[0.09950248756218906,0.09950248756218906)
[0.09950248756218906,0.09950248756218906)
[0.09950248756218906,0.09950248756218906)
[0.09950248756218906,0.09950248756218906)
[0.09950248756218906,0.09950248756218906)
[0.09950248756218906,0.09950248756218906)
[0.09950248756218906,0.09950248756218906)
[0.09950248756218906,0.09950248756218906)
[0.09950248756218906,0.09950248756218906)
[0.09950248756218906,0.09950248756218906)
[0.09950248756218906,0.09950248756218906)
[0.09950248756218906,0.09950248756218906)
[0.11940298507462686,0.11940298507462686)
[0.11940298507462686,0.11940298507462686)
[0.11940298507462686,0.11940298507462686)
[0.11940298507462686,0.11940298507462686)
[0.11940298507462686,0.11940298507462686)
[0.11940298507462686,0.11940298507462686)
[0.11940298507462686,0.11940298507462686)
[0.11940298507462686,0.11940298507462686)
[0.11940298507462686,0.11940298507462686)
[0.11940298507462686,0.11940298507462686)
[0.11940298507462686,0.11940298507462686)
[0.11940298507462686,0.11940298507462686)
[0.11940298507462686,0.11940298507462686)
[0.11940298507462686,0.11940298507462686)
[0.11940298507462686,0.11940298507462686)
[0.11940298507462686,0.11940298507462686)
[0.11940298507462686,0.11940298507462686)
[0.11940298507462686,0.11940298507462686)
[0.11940298507462686,0.11940298507462686)
[0.11940298507462686,0.11940298507462686)
[0.11940298507462686,0.11940298507462686)
[0.11940298507462686,0.11940298507462686)
[0.11940298507462686,0.11940298507462686)
[0.11940298507462686,0.11940298507462686)
[0.11940298507462686,0.11940298507462686)
[0.11940298507462686,0.11940298507462686)
[0.11940298507462686,0.11940298507462686)
[0.11940298507462686,0.11940298507462686)
[0.11940298507462686,0.11940298507462686)
[0.11940298507462686,0.11940298507462686)
[0.11940298507462686,0.11940298507462686)
[0.11940298507462686,0.11940298507462686)
[0.11940298507462686,0.11940298507462686)
[0.11940298507462686,0.11940298507462686)
[0.11940298507462686,0.11940298507462686)
[0.11940298507462686,0.11940298507462686)
[0.13930348258706468,0.13930348258706468)
[0.13930348258706468,0.13930348258706468)
[0.13930348258706468,0.13930348258706468)
[0.13930348258706468,0.13930348258706468)
[0.13930348258706468,0.13930348258706468)
[0.13930348258706468,0.13930348258706468)
[0.13930348258706468,0.13930348258706468)
[0.13930348258706468,0.13930348258706468)
[0.13930348258706468,0.13930348258706468)
[0.13930348258706468,0.13930348258706468)
[0.13930348258706468,0.13930348258706468)
[0.13930348258706468,0.13930348258706468)
[0.13930348258706468,0.13930348258706468)
[0.13930348258706468,0.13930348258706468)
[0.13930348258706468,0.13930348258706468)
[0.13930348258706468,0.13930348258706468)
[0.13930348258706468,0.13930348258706468)
[0.13930348258706468,0.13930348258706468)
[0.13930348258706468,0.13930348258706468)
[0.13930348258706468,0.13930348258706468)
[0.13930348258706468,0.13930348258706468)
[0.13930348258706468,0.13930348258706468)
[0.13930348258706468,0.13930348258706468)
[0.13930348258706468,0.13930348258706468)
[0.13930348258706468,0.13930348258706468)
[0.13930348258706468,0.13930348258706468)
[0.13930348258706468,0.13930348258706468)
[0.13930348258706468,0.13930348258706468)
[0.13930348258706468,0.13930348258706468)
[0.13930348258706468,0.13930348258706468)
[0.13930348258706468,0.13930348258706468)
[0.13930348258706468,0.13930348258706468)
[0.13930348258706468,0.13930348258706468)
[0.13930348258706468,0.13930348258706468)
[0.15920398009950248,0.15920398009950248)
[0.15920398009950248,0.15920398009950248)
[0.15920398009950248,0.15920398009950248)
[0.15920398009950248,0.15920398009950248)
[0.15920398009950248,0.15920398009950248)
[0.15920398009950248,0.15920398009950248)
[0.15920398009950248,0.15920398009950248)
[0.15920398009950248,0.15920398009950248)
[0.15920398009950248,0.15920398009950248)
[0.15920398009950248,0.15920398009950248)
[0.15920398009950248,0.15920398009950248)
[0.15920398009950248,0.15920398009950248)
[0.15920398009950248,0.15920398009950248)
[0.15920398009950248,0.15920398009950248)
[0.15920398009950248,0.15920398009950248)
[0.15920398009950248,0.15920398009950248)
[0.15920398009950248,0.15920398009950248)
[0.15920398009950248,0.15920398009950248)
[0.15920398009950248,0.15920398009950248)
[0.15920398009950248,0.15920398009950248)
[0.15920398009950248,0.15920398009950248)
[0.15920398009950248,0.15920398009950248)
[0.15920398009950248,0.15920398009950248)
[0.15920398009950248,0.15920398009950248)
[0.15920398009950248,0.15920398009950248)
[0.15920398009950248,0.15920398009950248)
[0.1791044776119403,0.1791044776119403)
[0.1791044776119403,0.1791044776119403)
[0.1791044776119403,0.1791044776119403)
[0.1791044776119403,0.1791044776119403)
[0.1791044776119403,0.1791044776119403)
[0.1791044776119403,0.1791044776119403)
[0.1791044776119403,0.1791044776119403)
[0.1791044776119403,0.1791044776119403)
[0.1791044776119403,0.1791044776119403)
[0.1791044776119403,0.1791044776119403)
[0.1791044776119403,0.1791044776119403)
[0.1791044776119403,0.1791044776119403)
[0.1791044776119403,0.1791044776119403)
[0.1791044776119403,0.1791044776119403)
[0.1791044776119403,0.1791044776119403)
[0.1791044776119403,0.1791044776119403)
[0.1791044776119403,0.1791044776119403)
[0.1791044776119403,0.1791044776119403)
[0.1791044776119403,0.1791044776119403)
[0.1791044776119403,0.1791044776119403)
[0.1791044776119403,0.1791044776119403)
[0.19900497512437812,0.19900497512437812)
[0.19900497512437812,0.19900497512437812)
[0.19900497512437812,0.19900497512437812)
[0.19900497512437812,0.19900497512437812)
[0.19900497512437812,0.19900497512437812)
[0.19900497512437812,0.19900497512437812)
[0.19900497512437812,0.19900497512437812)
[0.19900497512437812,0.19900497512437812)
[0.19900497512437812,0.19900497512437812)
[0.19900497512437812,0.19900497512437812)
[0.19900497512437812,0.19900497512437812)
[0.19900497512437812,0.19900497512437812)
[0.19900497512437812,0.19900497512437812)
[0.19900497512437812,0.19900497512437812)
[0.19900497512437812,0.19900497512437812)
[0.19900497512437812,0.19900497512437812)
[0.19900497512437812,0.19900497512437812)
[0.19900497512437812,0.19900497512437812)
[0.19900497512437812,0.19900497512437812)
[0.19900497512437812,0.19900497512437812)
[0.19900497512437812,0.19900497512437812)
[0.21890547263681592,0.21890547263681592)
[0.21890547263681592,0.21890547263681592)
[0.21890547263681592,0.21890547263681592)
[0.21890547263681592,0.21890547263681592)
[0.21890547263681592,0.21890547263681592)
[0.21890547263681592,0.21890547263681592)
[0.21890547263681592,0.21890547263681592)
[0.21890547263681592,0.21890547263681592)
[0.21890547263681592,0.21890547263681592)
[0.21890547263681592,0.21890547263681592)
[0.21890547263681592,0.21890547263681592)
[0.21890547263681592,0.21890547263681592)
[0.21890547263681592,0.21890547263681592)
[0.21890547263681592,0.21890547263681592)
[0.21890547263681592,0.21890547263681592)
[0.21890547263681592,0.21890547263681592)
[0.21890547263681592,0.21890547263681592)
[0.21890547263681592,0.21890547263681592)
[0.21890547263681592,0.21890547263681592)
[0.21890547263681592,0.21890547263681592)
[0.23880597014925373,0.23880597014925373)
[0.23880597014925373,0.23880597014925373)
[0.23880597014925373,0.23880597014925373)
[0.23880597014925373,0.23880597014925373)
[0.23880597014925373,0.23880597014925373)
[0.23880597014925373,0.23880597014925373)
[0.23880597014925373,0.23880597014925373)
[0.23880597014925373,0.23880597014925373)
[0.23880597014925373,0.23880597014925373)
[0.23880597014925373,0.23880597014925373)
[0.23880597014925373,0.23880597014925373)
[0.23880597014925373,0.23880597014925373)
[0.23880597014925373,0.23880597014925373)
[0.23880597014925373,0.23880597014925373)
[0.23880597014925373,0.23880597014925373)
[0.23880597014925373,0.23880597014925373)
[0.23880597014925373,0.23880597014925373)
[0.23880597014925373,0.23880597014925373)
[0.23880597014925373,0.23880597014925373)
[0.23880597014925373,0.23880597014925373)
[0.25870646766169153,0.25870646766169153)
[0.25870646766169153,0.25870646766169153)
[0.25870646766169153,0.25870646766169153)
[0.25870646766169153,0.25870646766169153)
[0.25870646766169153,0.25870646766169153)
[0.25870646766169153,0.25870646766169153)
[0.25870646766169153,0.25870646766169153)
[0.25870646766169153,0.25870646766169153)
[0.25870646766169153,0.25870646766169153)
[0.25870646766169153,0.25870646766169153)
[0.25870646766169153,0.25870646766169153)
[0.25870646766169153,0.25870646766169153)
[0.25870646766169153,0.25870646766169153)
[0.25870646766169153,0.25870646766169153)
[0.25870646766169153,0.25870646766169153)
[0.25870646766169153,0.25870646766169153)
[0.25870646766169153,0.25870646766169153)
[0.25870646766169153,0.25870646766169153)
[0.27860696517412936,0.27860696517412936)
[0.27860696517412936,0.27860696517412936)
[0.27860696517412936,0.27860696517412936)
[0.27860696517412936,0.27860696517412936)
[0.27860696517412936,0.27860696517412936)
[0.27860696517412936,0.27860696517412936)
[0.27860696517412936,0.27860696517412936)
[0.27860696517412936,0.27860696517412936)
[0.27860696517412936,0.27860696517412936)
[0.27860696517412936,0.27860696517412936)
[0.27860696517412936,0.27860696517412936)
[0.27860696517412936,0.27860696517412936)
[0.27860696517412936,0.27860696517412936)
[0.27860696517412936,0.27860696517412936)
[0.27860696517412936,0.27860696517412936)
[0.27860696517412936,0.27860696517412936)
[0.27860696517412936,0.27860696517412936)
[0.29850746268656714,0.29850746268656714)
[0.29850746268656714,0.29850746268656714)
[0.29850746268656714,0.29850746268656714)
[0.29850746268656714,0.29850746268656714)
[0.29850746268656714,0.29850746268656714)
[0.29850746268656714,0.29850746268656714)
[0.29850746268656714,0.29850746268656714)
[0.29850746268656714,0.29850746268656714)
[0.29850746268656714,0.29850746268656714)
[0.29850746268656714,0.29850746268656714)
[0.29850746268656714,0.29850746268656714)
[0.29850746268656714,0.29850746268656714)
[0.29850746268656714,0.29850746268656714)
[0.29850746268656714,0.29850746268656714)
[0.29850746268656714,0.29850746268656714)
[0.29850746268656714,0.29850746268656714)
[0.29850746268656714,0.29850746268656714)
[0.31840796019900497,0.31840796019900497)
[0.31840796019900497,0.31840796019900497)
[0.31840796019900497,0.31840796019900497)
[0.31840796019900497,0.31840796019900497)
[0.31840796019900497,0.31840796019900497)
[0.31840796019900497,0.31840796019900497)
[0.31840796019900497,0.31840796019900497)
[0.31840796019900497,0.31840796019900497)
[0.31840796019900497,0.31840796019900497)
[0.31840796019900497,0.31840796019900497)
[0.31840796019900497,0.31840796019900497)
[0.31840796019900497,0.31840796019900497)
[0.31840796019900497,0.31840796019900497)
[0.31840796019900497,0.31840796019900497)
[0.31840796019900497,0.31840796019900497)
[0.31840796019900497,0.31840796019900497)
[0.31840796019900497,0.31840796019900497)
[0.3383084577114428,0.3383084577114428)
[0.3383084577114428,0.3383084577114428)
[0.3383084577114428,0.3383084577114428)
[0.3383084577114428,0.3383084577114428)
[0.3383084577114428,0.3383084577114428)
[0.3383084577114428,0.3383084577114428)
[0.3383084577114428,0.3383084577114428)
[0.3383084577114428,0.3383084577114428)
[0.3383084577114428,0.3383084577114428)
[0.3383084577114428,0.3383084577114428)
[0.3383084577114428,0.3383084577114428)
[0.3383084577114428,0.3383084577114428)
[0.3383084577114428,0.3383084577114428)
[0.3582089552238806,0.3582089552238806)
[0.3582089552238806,0.3582089552238806)
[0.3582089552238806,0.3582089552238806)
[0.3582089552238806,0.3582089552238806)
[0.3582089552238806,0.3582089552238806)
[0.3582089552238806,0.3582089552238806)
[0.3582089552238806,0.3582089552238806)
[0.3582089552238806,0.3582089552238806)
[0.3582089552238806,0.3582089552238806)
[0.3582089552238806,0.3582089552238806)
[0.3781094527363184,0.3781094527363184)
[0.3781094527363184,0.3781094527363184)
[0.3781094527363184,0.3781094527363184)
[0.3781094527363184,0.3781094527363184)
[0.39800995024875624,0.39800995024875624)
[0.39800995024875624,0.39800995024875624)
[0.39800995024875624,0.39800995024875624)
[0.39800995024875624,0.39800995024875624)
[0.39800995024875624,0.39800995024875624)
[0.417910447761194,0.417910447761194)
[0.417910447761194,0.417910447761194)
[0.417910447761194,0.417910447761194)
[0.417910447761194,0.417910447761194)
[0.417910447761194,0.417910447761194)
[0.417910447761194,0.417910447761194)
[0.417910447761194,0.417910447761194)
[0.43781094527363185,0.43781094527363185)
[0.43781094527363185,0.43781094527363185)
[0.43781094527363185,0.43781094527363185)
[0.43781094527363185,0.43781094527363185)
[0.43781094527363185,0.43781094527363185)
[0.43781094527363185,0.43781094527363185)
[0.4577114427860697,0.4577114427860697)
[0.4577114427860697,0.4577114427860697)
[0.4577114427860697,0.4577114427860697)
[0.4577114427860697,0.4577114427860697)
[0.4577114427860697,0.4577114427860697)
[0.47761194029850745,0.47761194029850745)
[0.47761194029850745,0.47761194029850745)
