[-0.23255813953488372,inf)
[-0.20930232558139536,-0.09302325581395349)
[-0.20930232558139536,-0.11627906976744186)
[-0.09302325581395349,-0.046511627906976744)
[-0.09302325581395349,-0.046511627906976744)
[-0.18604651162790697,-0.16279069767441862)
[-0.18604651162790697,-0.16279069767441862)
[-0.23255813953488372,-0.23255813953488372)
[-0.23255813953488372,-0.23255813953488372)
[-0.23255813953488372,-0.23255813953488372)
[-0.20930232558139536,-0.20930232558139536)
[-0.20930232558139536,-0.20930232558139536)
[-0.20930232558139536,-0.20930232558139536)
[-0.20930232558139536,-0.20930232558139536)
[-0.20930232558139536,-0.20930232558139536)
[-0.20930232558139536,-0.20930232558139536)
[-0.20930232558139536,-0.20930232558139536)
[-0.20930232558139536,-0.20930232558139536)
[-0.20930232558139536,-0.20930232558139536)
[-0.18604651162790697,-0.18604651162790697)
[-0.18604651162790697,-0.18604651162790697)
[-0.18604651162790697,-0.18604651162790697)
[-0.18604651162790697,-0.18604651162790697)
[-0.18604651162790697,-0.18604651162790697)
[-0.18604651162790697,-0.18604651162790697)
[-0.18604651162790697,-0.18604651162790697)
[-0.18604651162790697,-0.18604651162790697)
[-0.18604651162790697,-0.18604651162790697)
[-0.18604651162790697,-0.18604651162790697)
[-0.18604651162790697,-0.18604651162790697)
[-0.18604651162790697,-0.18604651162790697)
[-0.16279069767441862,-0.16279069767441862)
[-0.16279069767441862,-0.16279069767441862)
[-0.16279069767441862,-0.16279069767441862)
[-0.16279069767441862,-0.16279069767441862)
[-0.16279069767441862,-0.16279069767441862)
[-0.16279069767441862,-0.16279069767441862)
[-0.16279069767441862,-0.16279069767441862)
[-0.16279069767441862,-0.16279069767441862)
[-0.16279069767441862,-0.16279069767441862)
[-0.16279069767441862,-0.16279069767441862)
[-0.16279069767441862,-0.16279069767441862)
[-0.16279069767441862,-0.16279069767441862)
[-0.16279069767441862,-0.16279069767441862)
[-0.16279069767441862,-0.16279069767441862)
[-0.16279069767441862,-0.16279069767441862)
[-0.16279069767441862,-0.16279069767441862)
[-0.16279069767441862,-0.16279069767441862)
[-0.16279069767441862,-0.16279069767441862)
[-0.16279069767441862,-0.16279069767441862)
[-0.16279069767441862,-0.16279069767441862)
[-0.16279069767441862,-0.16279069767441862)
[-0.13953488372093023,-0.13953488372093023)
[-0.13953488372093023,-0.13953488372093023)
[-0.13953488372093023,-0.13953488372093023)
[-0.13953488372093023,-0.13953488372093023)
[-0.13953488372093023,-0.13953488372093023)
[-0.13953488372093023,-0.13953488372093023)
[-0.13953488372093023,-0.13953488372093023)
[-0.13953488372093023,-0.13953488372093023)
[-0.13953488372093023,-0.13953488372093023)
[-0.13953488372093023,-0.13953488372093023)
[-0.13953488372093023,-0.13953488372093023)
[-0.13953488372093023,-0.13953488372093023)
[-0.13953488372093023,-0.13953488372093023)
[-0.13953488372093023,-0.13953488372093023)
[-0.13953488372093023,-0.13953488372093023)
[-0.13953488372093023,-0.13953488372093023)
[-0.13953488372093023,-0.13953488372093023)
[-0.13953488372093023,-0.13953488372093023)
[-0.13953488372093023,-0.13953488372093023)
[-0.13953488372093023,-0.13953488372093023)
[-0.11627906976744186,-0.11627906976744186)
[-0.11627906976744186,-0.11627906976744186)
[-0.11627906976744186,-0.11627906976744186)
[-0.11627906976744186,-0.11627906976744186)
[-0.11627906976744186,-0.11627906976744186)
[-0.11627906976744186,-0.11627906976744186)
[-0.11627906976744186,-0.11627906976744186)
[-0.11627906976744186,-0.11627906976744186)
[-0.11627906976744186,-0.11627906976744186)
[-0.11627906976744186,-0.11627906976744186)
[-0.11627906976744186,-0.11627906976744186)
[-0.11627906976744186,-0.11627906976744186)
[-0.11627906976744186,-0.11627906976744186)
[-0.11627906976744186,-0.11627906976744186)
[-0.11627906976744186,-0.11627906976744186)
[-0.11627906976744186,-0.11627906976744186)
[-0.11627906976744186,-0.11627906976744186)
[-0.11627906976744186,-0.11627906976744186)
[-0.11627906976744186,-0.11627906976744186)
[-0.11627906976744186,-0.11627906976744186)
[-0.11627906976744186,-0.11627906976744186)
[-0.11627906976744186,-0.11627906976744186)
[-0.09302325581395349,-0.09302325581395349)
[-0.09302325581395349,-0.09302325581395349)
[-0.09302325581395349,-0.09302325581395349)
[-0.09302325581395349,-0.09302325581395349)
[-0.09302325581395349,-0.09302325581395349)
[-0.09302325581395349,-0.09302325581395349)
[-0.09302325581395349,-0.09302325581395349)
[-0.09302325581395349,-0.09302325581395349)
[-0.09302325581395349,-0.09302325581395349)
[-0.09302325581395349,-0.09302325581395349)
[-0.09302325581395349,-0.09302325581395349)
[-0.09302325581395349,-0.09302325581395349)
[-0.09302325581395349,-0.09302325581395349)
[-0.09302325581395349,-0.09302325581395349)
[-0.09302325581395349,-0.09302325581395349)
[-0.09302325581395349,-0.09302325581395349)
[-0.09302325581395349,-0.09302325581395349)
[-0.09302325581395349,-0.09302325581395349)
[-0.09302325581395349,-0.09302325581395349)
[-0.09302325581395349,-0.09302325581395349)
[-0.09302325581395349,-0.09302325581395349)
[-0.09302325581395349,-0.09302325581395349)
[-0.09302325581395349,-0.09302325581395349)
[-0.09302325581395349,-0.09302325581395349)
[-0.09302325581395349,-0.09302325581395349)
[-0.09302325581395349,-0.09302325581395349)
[-0.09302325581395349,-0.09302325581395349)
[-0.09302325581395349,-0.09302325581395349)
[-0.09302325581395349,-0.09302325581395349)
[-0.09302325581395349,-0.09302325581395349)
[-0.09302325581395349,-0.09302325581395349)
[-0.06976744186046512,-0.06976744186046512)
[-0.06976744186046512,-0.06976744186046512)
[-0.06976744186046512,-0.06976744186046512)
[-0.06976744186046512,-0.06976744186046512)
[-0.06976744186046512,-0.06976744186046512)
[-0.06976744186046512,-0.06976744186046512)
[-0.06976744186046512,-0.06976744186046512)
[-0.06976744186046512,-0.06976744186046512)
[-0.06976744186046512,-0.06976744186046512)
[-0.06976744186046512,-0.06976744186046512)
[-0.06976744186046512,-0.06976744186046512)
[-0.06976744186046512,-0.06976744186046512)
[-0.06976744186046512,-0.06976744186046512)
[-0.06976744186046512,-0.06976744186046512)
[-0.06976744186046512,-0.06976744186046512)
[-0.06976744186046512,-0.06976744186046512)
[-0.06976744186046512,-0.06976744186046512)
[-0.06976744186046512,-0.06976744186046512)
[-0.06976744186046512,-0.06976744186046512)
[-0.06976744186046512,-0.06976744186046512)
[-0.06976744186046512,-0.06976744186046512)
[-0.06976744186046512,-0.06976744186046512)
[-0.06976744186046512,-0.06976744186046512)
[-0.06976744186046512,-0.06976744186046512)
[-0.06976744186046512,-0.06976744186046512)
[-0.06976744186046512,-0.06976744186046512)
[-0.06976744186046512,-0.06976744186046512)
[-0.06976744186046512,-0.06976744186046512)
[-0.06976744186046512,-0.06976744186046512)
[-0.046511627906976744,-0.046511627906976744)
[-0.046511627906976744,-0.046511627906976744)
[-0.046511627906976744,-0.046511627906976744)
[-0.046511627906976744,-0.046511627906976744)
[-0.046511627906976744,-0.046511627906976744)
[-0.046511627906976744,-0.046511627906976744)
[-0.046511627906976744,-0.046511627906976744)
[-0.046511627906976744,-0.046511627906976744)
[-0.046511627906976744,-0.046511627906976744)
[-0.046511627906976744,-0.046511627906976744)
[-0.046511627906976744,-0.046511627906976744)
[-0.046511627906976744,-0.046511627906976744)
[-0.046511627906976744,-0.046511627906976744)
[-0.046511627906976744,-0.046511627906976744)
[-0.046511627906976744,-0.046511627906976744)
[-0.046511627906976744,-0.046511627906976744)
[-0.046511627906976744,-0.046511627906976744)
[-0.046511627906976744,-0.046511627906976744)
[-0.046511627906976744,-0.046511627906976744)
[-0.046511627906976744,-0.046511627906976744)
[-0.046511627906976744,-0.046511627906976744)
[-0.046511627906976744,-0.046511627906976744)
[-0.046511627906976744,-0.046511627906976744)
[-0.046511627906976744,-0.046511627906976744)
[-0.046511627906976744,-0.046511627906976744)
[-0.046511627906976744,-0.046511627906976744)
[-0.046511627906976744,-0.046511627906976744)
[-0.046511627906976744,-0.046511627906976744)
[-0.046511627906976744,-0.046511627906976744)
[-0.023255813953488372,-0.023255813953488372)
[-0.023255813953488372,-0.023255813953488372)
[-0.023255813953488372,-0.023255813953488372)
[-0.023255813953488372,-0.023255813953488372)
[-0.023255813953488372,-0.023255813953488372)
[-0.023255813953488372,-0.023255813953488372)
[-0.023255813953488372,-0.023255813953488372)
[-0.023255813953488372,-0.023255813953488372)
[-0.023255813953488372,-0.023255813953488372)
[-0.023255813953488372,-0.023255813953488372)
[-0.023255813953488372,-0.023255813953488372)
[-0.023255813953488372,-0.023255813953488372)
[-0.023255813953488372,-0.023255813953488372)
[-0.023255813953488372,-0.023255813953488372)
[-0.023255813953488372,-0.023255813953488372)
[-0.023255813953488372,-0.023255813953488372)
[-0.023255813953488372,-0.023255813953488372)
[-0.023255813953488372,-0.023255813953488372)
[-0.023255813953488372,-0.023255813953488372)
[-0.023255813953488372,-0.023255813953488372)
[-0.023255813953488372,-0.023255813953488372)
[-0.023255813953488372,-0.023255813953488372)
[-0.023255813953488372,-0.023255813953488372)
[-0.023255813953488372,-0.023255813953488372)
[-0.023255813953488372,-0.023255813953488372)
[0.0,0.0)
[0.0,0.0)
[0.0,0.0)
[0.0,0.0)
[0.0,0.0)
[0.0,0.0)
[0.0,0.0)
[0.0,0.0)
[0.0,0.0)
[0.0,0.0)
[0.0,0.0)
[0.0,0.0)
[0.0,0.0)
[0.0,0.0)
[0.0,0.0)
[0.0,0.0)
[0.0,0.0)
[0.0,0.0)
[0.0,0.0)
[0.0,0.0)
[0.0,0.0)
[0.0,0.0)
[0.0,0.0)
[0.0,0.0)
[0.0,0.0)
[0.0,0.0)
[0.0,0.0)
[0.0,0.0)
[0.0,0.0)
[0.0,0.0)
[0.0,0.0)
[0.0,0.0)
[0.023255813953488372,0.023255813953488372)
[0.023255813953488372,0.023255813953488372)
[0.023255813953488372,0.023255813953488372)
[0.023255813953488372,0.023255813953488372)
[0.023255813953488372,0.023255813953488372)
[0.023255813953488372,0.023255813953488372)
[0.023255813953488372,0.023255813953488372)
[0.023255813953488372,0.023255813953488372)
[0.023255813953488372,0.023255813953488372)
[0.023255813953488372,0.023255813953488372)
[0.023255813953488372,0.023255813953488372)
[0.023255813953488372,0.023255813953488372)
[0.023255813953488372,0.023255813953488372)
[0.023255813953488372,0.023255813953488372)
[0.023255813953488372,0.023255813953488372)
[0.023255813953488372,0.023255813953488372)
[0.023255813953488372,0.023255813953488372)
[0.023255813953488372,0.023255813953488372)
[0.023255813953488372,0.023255813953488372)
[0.023255813953488372,0.023255813953488372)
[0.023255813953488372,0.023255813953488372)
[0.023255813953488372,0.023255813953488372)
[0.023255813953488372,0.023255813953488372)
[0.023255813953488372,0.023255813953488372)
[0.023255813953488372,0.023255813953488372)
[0.023255813953488372,0.023255813953488372)
[0.023255813953488372,0.023255813953488372)
[0.023255813953488372,0.023255813953488372)
[0.023255813953488372,0.023255813953488372)
[0.023255813953488372,0.023255813953488372)
[0.023255813953488372,0.023255813953488372)
[0.046511627906976744,0.046511627906976744)
[0.046511627906976744,0.046511627906976744)
[0.046511627906976744,0.046511627906976744)
[0.046511627906976744,0.046511627906976744)
[0.046511627906976744,0.046511627906976744)
[0.046511627906976744,0.046511627906976744)
[0.046511627906976744,0.046511627906976744)
[0.046511627906976744,0.046511627906976744)
[0.046511627906976744,0.046511627906976744)
[0.046511627906976744,0.046511627906976744)
[0.046511627906976744,0.046511627906976744)
[0.046511627906976744,0.046511627906976744)
[0.046511627906976744,0.046511627906976744)
[0.046511627906976744,0.046511627906976744)
[0.046511627906976744,0.046511627906976744)
[0.046511627906976744,0.046511627906976744)
[0.046511627906976744,0.046511627906976744)
[0.046511627906976744,0.046511627906976744)
[0.046511627906976744,0.046511627906976744)
[0.046511627906976744,0.046511627906976744)
[0.046511627906976744,0.046511627906976744)
[0.046511627906976744,0.046511627906976744)
[0.046511627906976744,0.046511627906976744)
[0.046511627906976744,0.046511627906976744)
[0.046511627906976744,0.046511627906976744)
[0.046511627906976744,0.046511627906976744)
[0.046511627906976744,0.046511627906976744)
[0.046511627906976744,0.046511627906976744)
[0.046511627906976744,0.046511627906976744)
[0.046511627906976744,0.046511627906976744)
[0.046511627906976744,0.046511627906976744)
[0.046511627906976744,0.046511627906976744)
[0.06976744186046512,0.06976744186046512)
[0.06976744186046512,0.06976744186046512)
[0.06976744186046512,0.06976744186046512)
[0.06976744186046512,0.06976744186046512)
[0.06976744186046512,0.06976744186046512)
[0.06976744186046512,0.06976744186046512)
[0.06976744186046512,0.06976744186046512)
[0.06976744186046512,0.06976744186046512)
[0.06976744186046512,0.06976744186046512)
[0.06976744186046512,0.06976744186046512)
[0.06976744186046512,0.06976744186046512)
[0.06976744186046512,0.06976744186046512)
[0.06976744186046512,0.06976744186046512)
[0.06976744186046512,0.06976744186046512)
[0.06976744186046512,0.06976744186046512)
[0.06976744186046512,0.06976744186046512)
[0.06976744186046512,0.06976744186046512)
[0.06976744186046512,0.06976744186046512)
[0.06976744186046512,0.06976744186046512)
[0.06976744186046512,0.06976744186046512)
[0.06976744186046512,0.06976744186046512)
[0.06976744186046512,0.06976744186046512)
[0.06976744186046512,0.06976744186046512)
[0.06976744186046512,0.06976744186046512)
[0.06976744186046512,0.06976744186046512)
[0.06976744186046512,0.06976744186046512)
[0.06976744186046512,0.06976744186046512)
[0.09302325581395349,0.09302325581395349)
[0.09302325581395349,0.09302325581395349)
[0.09302325581395349,0.09302325581395349)
[0.09302325581395349,0.09302325581395349)
[0.09302325581395349,0.09302325581395349)
[0.09302325581395349,0.09302325581395349)
[0.09302325581395349,0.09302325581395349)
[0.09302325581395349,0.09302325581395349)
[0.09302325581395349,0.09302325581395349)
[0.09302325581395349,0.09302325581395349)
[0.09302325581395349,0.09302325581395349)
[0.09302325581395349,0.09302325581395349)
[0.09302325581395349,0.09302325581395349)
[0.09302325581395349,0.09302325581395349)
[0.09302325581395349,0.09302325581395349)
[0.09302325581395349,0.09302325581395349)
[0.09302325581395349,0.09302325581395349)
[0.09302325581395349,0.09302325581395349)
[0.09302325581395349,0.09302325581395349)
[0.09302325581395349,0.09302325581395349)
[0.09302325581395349,0.09302325581395349)
[0.09302325581395349,0.09302325581395349)
[0.09302325581395349,0.09302325581395349)
[0.09302325581395349,0.09302325581395349)
[0.09302325581395349,0.09302325581395349)
[0.11627906976744186,0.11627906976744186)
[0.11627906976744186,0.11627906976744186)
[0.11627906976744186,0.11627906976744186)
[0.11627906976744186,0.11627906976744186)
[0.11627906976744186,0.11627906976744186)
[0.11627906976744186,0.11627906976744186)
[0.11627906976744186,0.11627906976744186)
[0.11627906976744186,0.11627906976744186)
[0.11627906976744186,0.11627906976744186)
[0.11627906976744186,0.11627906976744186)
[0.11627906976744186,0.11627906976744186)
[0.11627906976744186,0.11627906976744186)
[0.11627906976744186,0.11627906976744186)
[0.11627906976744186,0.11627906976744186)
[0.11627906976744186,0.11627906976744186)
[0.11627906976744186,0.11627906976744186)
[0.11627906976744186,0.11627906976744186)
[0.11627906976744186,0.11627906976744186)
[0.11627906976744186,0.11627906976744186)
[0.11627906976744186,0.11627906976744186)
[0.11627906976744186,0.11627906976744186)
[0.11627906976744186,0.11627906976744186)
[0.11627906976744186,0.11627906976744186)
[0.13953488372093023,0.13953488372093023)
[0.13953488372093023,0.13953488372093023)
[0.13953488372093023,0.13953488372093023)
[0.13953488372093023,0.13953488372093023)
[0.13953488372093023,0.13953488372093023)
[0.13953488372093023,0.13953488372093023)
[0.13953488372093023,0.13953488372093023)
[0.13953488372093023,0.13953488372093023)
[0.13953488372093023,0.13953488372093023)
[0.13953488372093023,0.13953488372093023)
[0.13953488372093023,0.13953488372093023)
[0.13953488372093023,0.13953488372093023)
[0.13953488372093023,0.13953488372093023)
[0.13953488372093023,0.13953488372093023)
[0.13953488372093023,0.13953488372093023)
[0.13953488372093023,0.13953488372093023)
[0.13953488372093023,0.13953488372093023)
[0.13953488372093023,0.13953488372093023)
[0.13953488372093023,0.13953488372093023)
[0.13953488372093023,0.13953488372093023)
[0.13953488372093023,0.13953488372093023)
[0.13953488372093023,0.13953488372093023)
[0.13953488372093023,0.13953488372093023)
[0.16279069767441862,0.16279069767441862)
[0.16279069767441862,0.16279069767441862)
[0.16279069767441862,0.16279069767441862)
[0.16279069767441862,0.16279069767441862)
[0.16279069767441862,0.16279069767441862)
[0.16279069767441862,0.16279069767441862)
[0.16279069767441862,0.16279069767441862)
[0.16279069767441862,0.16279069767441862)
[0.16279069767441862,0.16279069767441862)
[0.16279069767441862,0.16279069767441862)
[0.16279069767441862,0.16279069767441862)
[0.16279069767441862,0.16279069767441862)
[0.16279069767441862,0.16279069767441862)
[0.16279069767441862,0.16279069767441862)
[0.16279069767441862,0.16279069767441862)
[0.16279069767441862,0.16279069767441862)
[0.16279069767441862,0.16279069767441862)
[0.16279069767441862,0.16279069767441862)
[0.16279069767441862,0.16279069767441862)
[0.16279069767441862,0.16279069767441862)
[0.16279069767441862,0.16279069767441862)
[0.16279069767441862,0.16279069767441862)
[0.16279069767441862,0.16279069767441862)
[0.16279069767441862,0.16279069767441862)
[0.16279069767441862,0.16279069767441862)
[0.18604651162790697,0.18604651162790697)
[0.18604651162790697,0.18604651162790697)
[0.18604651162790697,0.18604651162790697)
[0.18604651162790697,0.18604651162790697)
[0.18604651162790697,0.18604651162790697)
[0.18604651162790697,0.18604651162790697)
[0.18604651162790697,0.18604651162790697)
[0.18604651162790697,0.18604651162790697)
[0.18604651162790697,0.18604651162790697)
[0.18604651162790697,0.18604651162790697)
[0.18604651162790697,0.18604651162790697)
[0.18604651162790697,0.18604651162790697)
[0.18604651162790697,0.18604651162790697)
[0.18604651162790697,0.18604651162790697)
[0.18604651162790697,0.18604651162790697)
[0.18604651162790697,0.18604651162790697)
[0.18604651162790697,0.18604651162790697)
[0.20930232558139536,0.20930232558139536)
[0.20930232558139536,0.20930232558139536)
[0.20930232558139536,0.20930232558139536)
[0.20930232558139536,0.20930232558139536)
[0.20930232558139536,0.20930232558139536)
[0.20930232558139536,0.20930232558139536)
[0.20930232558139536,0.20930232558139536)
[0.20930232558139536,0.20930232558139536)
[0.20930232558139536,0.20930232558139536)
[0.20930232558139536,0.20930232558139536)
[0.20930232558139536,0.20930232558139536)
[0.20930232558139536,0.20930232558139536)
[0.20930232558139536,0.20930232558139536)
[0.20930232558139536,0.20930232558139536)
[0.20930232558139536,0.20930232558139536)
[0.20930232558139536,0.20930232558139536)
[0.20930232558139536,0.20930232558139536)
[0.20930232558139536,0.20930232558139536)
[0.20930232558139536,0.20930232558139536)
[0.20930232558139536,0.20930232558139536)
[0.20930232558139536,0.20930232558139536)
[0.20930232558139536,0.20930232558139536)
[0.20930232558139536,0.20930232558139536)
[0.20930232558139536,0.20930232558139536)
[0.23255813953488372,0.23255813953488372)
[0.23255813953488372,0.23255813953488372)
[0.23255813953488372,0.23255813953488372)
[0.23255813953488372,0.23255813953488372)
[0.23255813953488372,0.23255813953488372)
[0.23255813953488372,0.23255813953488372)
[0.23255813953488372,0.23255813953488372)
[0.23255813953488372,0.23255813953488372)
[0.23255813953488372,0.23255813953488372)
[0.23255813953488372,0.23255813953488372)
[0.23255813953488372,0.23255813953488372)
[0.23255813953488372,0.23255813953488372)
[0.23255813953488372,0.23255813953488372)
[0.23255813953488372,0.23255813953488372)
[0.23255813953488372,0.23255813953488372)
[0.23255813953488372,0.23255813953488372)
[0.23255813953488372,0.23255813953488372)
[0.23255813953488372,0.23255813953488372)
[0.23255813953488372,0.23255813953488372)
[0.23255813953488372,0.23255813953488372)
[0.23255813953488372,0.23255813953488372)
[0.2558139534883721,0.2558139534883721)
[0.2558139534883721,0.2558139534883721)
[0.2558139534883721,0.2558139534883721)
[0.2558139534883721,0.2558139534883721)
[0.2558139534883721,0.2558139534883721)
[0.2558139534883721,0.2558139534883721)
[0.2558139534883721,0.2558139534883721)
[0.2558139534883721,0.2558139534883721)
[0.2558139534883721,0.2558139534883721)
