[-0.29993760169011796,inf)
[-0.29372127833902745,-0.08858260775304001)
[-0.1818274580193979,-0.03885202094431579)
[-0.17561113466830738,-0.07614996105085894)
[0.07304179937531369,0.10412341613076634)
[0.17250297299276213,0.17871929634385267)
[0.17871929634385264,0.18493561969494318)
[-0.0823662844019495,-0.08236628440194947)
[-0.0823662844019495,-0.08236628440194947)
[-0.06993363769976844,-0.06993363769976842)
[0.17871929634385264,0.17871929634385267)
[-0.10101525445522108,-0.10101525445522107)
[-0.06993363769976843,-0.06993363769976842)
[0.07925812272640421,0.07925812272640423)
[0.07925812272640421,0.07925812272640423)
[-0.29993760169011796,-0.29993760169011796)
[-0.29993760169011796,-0.29993760169011796)
[-0.29993760169011796,-0.29993760169011796)
[-0.29372127833902745,-0.29372127833902745)
[-0.29372127833902745,-0.29372127833902745)
[-0.29372127833902745,-0.29372127833902745)
[-0.29372127833902745,-0.29372127833902745)
[-0.28750495498793693,-0.28750495498793693)
[-0.2875049549879369,-0.2875049549879369)
[-0.2875049549879369,-0.2875049549879369)
[-0.2875049549879369,-0.2875049549879369)
[-0.2875049549879369,-0.2875049549879369)
[-0.2875049549879369,-0.2875049549879369)
[-0.28128863163684636,-0.28128863163684636)
[-0.28128863163684636,-0.28128863163684636)
[-0.28128863163684636,-0.28128863163684636)
[-0.28128863163684636,-0.28128863163684636)
[-0.28128863163684636,-0.28128863163684636)
[-0.28128863163684636,-0.28128863163684636)
[-0.2750723082857558,-0.2750723082857558)
[-0.2750723082857558,-0.2750723082857558)
[-0.2750723082857558,-0.2750723082857558)
[-0.2750723082857558,-0.2750723082857558)
[-0.2750723082857558,-0.2750723082857558)
[-0.2750723082857558,-0.2750723082857558)
[-0.2688559849346653,-0.2688559849346653)
[-0.2688559849346653,-0.2688559849346653)
[-0.2688559849346653,-0.2688559849346653)
[-0.2688559849346653,-0.2688559849346653)
[-0.2688559849346653,-0.2688559849346653)
[-0.2688559849346653,-0.2688559849346653)
[-0.26263966158357477,-0.26263966158357477)
[-0.26263966158357477,-0.26263966158357477)
[-0.26263966158357477,-0.26263966158357477)
[-0.26263966158357477,-0.26263966158357477)
[-0.26263966158357477,-0.26263966158357477)
[-0.26263966158357477,-0.26263966158357477)
[-0.25642333823248425,-0.25642333823248425)
[-0.25642333823248425,-0.25642333823248425)
[-0.25642333823248425,-0.25642333823248425)
[-0.25642333823248425,-0.25642333823248425)
[-0.2564233382324842,-0.2564233382324842)
[-0.25020701488139374,-0.25020701488139374)
[-0.25020701488139374,-0.25020701488139374)
[-0.2502070148813937,-0.2502070148813937)
[-0.2502070148813937,-0.2502070148813937)
[-0.24399069153030323,-0.24399069153030323)
[-0.24399069153030317,-0.24399069153030317)
[-0.24399069153030317,-0.24399069153030317)
[-0.24399069153030317,-0.24399069153030317)
[-0.24399069153030317,-0.24399069153030317)
[-0.24399069153030317,-0.24399069153030317)
[-0.23777436817921266,-0.23777436817921266)
[-0.23777436817921266,-0.23777436817921266)
[-0.23777436817921266,-0.23777436817921266)
[-0.23777436817921266,-0.23777436817921266)
[-0.23777436817921266,-0.23777436817921266)
[-0.23777436817921266,-0.23777436817921266)
[-0.23155804482812214,-0.23155804482812214)
[-0.23155804482812214,-0.23155804482812214)
[-0.23155804482812214,-0.23155804482812214)
[-0.23155804482812212,-0.23155804482812212)
[-0.23155804482812212,-0.23155804482812212)
[-0.2253417214770316,-0.2253417214770316)
[-0.2253417214770316,-0.2253417214770316)
[-0.2253417214770316,-0.2253417214770316)
[-0.2253417214770316,-0.2253417214770316)
[-0.2191253981259411,-0.2191253981259411)
[-0.2191253981259411,-0.2191253981259411)
[-0.21912539812594106,-0.21912539812594106)
[-0.21912539812594106,-0.21912539812594106)
[-0.21290907477485058,-0.21290907477485058)
[-0.21290907477485055,-0.21290907477485055)
[-0.21290907477485055,-0.21290907477485055)
[-0.21290907477485055,-0.21290907477485055)
[-0.20669275142376003,-0.20669275142376003)
[-0.20669275142376003,-0.20669275142376003)
[-0.20669275142376003,-0.20669275142376003)
[-0.20669275142376003,-0.20669275142376003)
[-0.20047642807266952,-0.20047642807266952)
[-0.20047642807266952,-0.20047642807266952)
[-0.20047642807266952,-0.20047642807266952)
[-0.20047642807266952,-0.20047642807266952)
[-0.20047642807266952,-0.20047642807266952)
[-0.2004764280726695,-0.2004764280726695)
[-0.194260104721579,-0.194260104721579)
[-0.194260104721579,-0.194260104721579)
[-0.194260104721579,-0.194260104721579)
[-0.19426010472157898,-0.19426010472157898)
[-0.19426010472157898,-0.19426010472157898)
[-0.19426010472157898,-0.19426010472157898)
[-0.18804378137048844,-0.18804378137048844)
[-0.18804378137048844,-0.18804378137048844)
[-0.18804378137048844,-0.18804378137048844)
[-0.18804378137048844,-0.18804378137048844)
[-0.18804378137048844,-0.18804378137048844)
[-0.18804378137048844,-0.18804378137048844)
[-0.18182745801939793,-0.18182745801939793)
[-0.18182745801939793,-0.18182745801939793)
[-0.18182745801939793,-0.18182745801939793)
[-0.1818274580193979,-0.1818274580193979)
[-0.1818274580193979,-0.1818274580193979)
[-0.1818274580193979,-0.1818274580193979)
[-0.1818274580193979,-0.1818274580193979)
[-0.1818274580193979,-0.1818274580193979)
[-0.17561113466830738,-0.17561113466830738)
[-0.17561113466830738,-0.17561113466830738)
[-0.17561113466830738,-0.17561113466830738)
[-0.17561113466830738,-0.17561113466830738)
[-0.17561113466830738,-0.17561113466830738)
[-0.17561113466830738,-0.17561113466830738)
[-0.17561113466830738,-0.17561113466830738)
[-0.17561113466830738,-0.17561113466830738)
[-0.17561113466830738,-0.17561113466830738)
[-0.16939481131721687,-0.16939481131721687)
[-0.16939481131721687,-0.16939481131721687)
[-0.16939481131721687,-0.16939481131721687)
[-0.16939481131721687,-0.16939481131721687)
[-0.16939481131721687,-0.16939481131721687)
[-0.16939481131721687,-0.16939481131721687)
[-0.16939481131721687,-0.16939481131721687)
[-0.16939481131721687,-0.16939481131721687)
[-0.16939481131721687,-0.16939481131721687)
[-0.16939481131721687,-0.16939481131721687)
[-0.16939481131721687,-0.16939481131721687)
[-0.16939481131721684,-0.16939481131721684)
[-0.16317848796612636,-0.16317848796612636)
[-0.16317848796612636,-0.16317848796612636)
[-0.16317848796612636,-0.16317848796612636)
[-0.16317848796612636,-0.16317848796612636)
[-0.16317848796612636,-0.16317848796612636)
[-0.16317848796612636,-0.16317848796612636)
[-0.16317848796612636,-0.16317848796612636)
[-0.16317848796612633,-0.16317848796612633)
[-0.16317848796612633,-0.16317848796612633)
[-0.16317848796612633,-0.16317848796612633)
[-0.16317848796612633,-0.16317848796612633)
[-0.16317848796612633,-0.16317848796612633)
[-0.16317848796612633,-0.16317848796612633)
[-0.15696216461503584,-0.15696216461503584)
[-0.15696216461503584,-0.15696216461503584)
[-0.15696216461503582,-0.15696216461503582)
[-0.15696216461503582,-0.15696216461503582)
[-0.15696216461503582,-0.15696216461503582)
[-0.15696216461503582,-0.15696216461503582)
[-0.15696216461503582,-0.15696216461503582)
[-0.15696216461503582,-0.15696216461503582)
[-0.15696216461503582,-0.15696216461503582)
[-0.15696216461503582,-0.15696216461503582)
[-0.15696216461503582,-0.15696216461503582)
[-0.15696216461503582,-0.15696216461503582)
[-0.15696216461503582,-0.15696216461503582)
[-0.1569621646150358,-0.1569621646150358)
[-0.1569621646150358,-0.1569621646150358)
[-0.1507458412639453,-0.1507458412639453)
[-0.1507458412639453,-0.1507458412639453)
[-0.1507458412639453,-0.1507458412639453)
[-0.1507458412639453,-0.1507458412639453)
[-0.1507458412639453,-0.1507458412639453)
[-0.15074584126394527,-0.15074584126394527)
[-0.15074584126394527,-0.15074584126394527)
[-0.15074584126394527,-0.15074584126394527)
[-0.15074584126394527,-0.15074584126394527)
[-0.15074584126394527,-0.15074584126394527)
[-0.15074584126394527,-0.15074584126394527)
[-0.15074584126394527,-0.15074584126394527)
[-0.15074584126394527,-0.15074584126394527)
[-0.15074584126394527,-0.15074584126394527)
[-0.15074584126394527,-0.15074584126394527)
[-0.1445295179128548,-0.1445295179128548)
[-0.14452951791285476,-0.14452951791285476)
[-0.14452951791285476,-0.14452951791285476)
[-0.14452951791285476,-0.14452951791285476)
[-0.14452951791285476,-0.14452951791285476)
[-0.14452951791285476,-0.14452951791285476)
[-0.14452951791285476,-0.14452951791285476)
[-0.14452951791285476,-0.14452951791285476)
[-0.14452951791285476,-0.14452951791285476)
[-0.14452951791285476,-0.14452951791285476)
[-0.14452951791285476,-0.14452951791285476)
[-0.14452951791285476,-0.14452951791285476)
[-0.14452951791285476,-0.14452951791285476)
[-0.14452951791285476,-0.14452951791285476)
[-0.14452951791285476,-0.14452951791285476)
[-0.13831319456176425,-0.13831319456176425)
[-0.13831319456176425,-0.13831319456176425)
[-0.13831319456176425,-0.13831319456176425)
[-0.13831319456176425,-0.13831319456176425)
[-0.13831319456176425,-0.13831319456176425)
[-0.13831319456176425,-0.13831319456176425)
[-0.13831319456176425,-0.13831319456176425)
[-0.13831319456176425,-0.13831319456176425)
[-0.13831319456176425,-0.13831319456176425)
[-0.13831319456176425,-0.13831319456176425)
[-0.13831319456176425,-0.13831319456176425)
[-0.13831319456176422,-0.13831319456176422)
[-0.13831319456176422,-0.13831319456176422)
[-0.13831319456176422,-0.13831319456176422)
[-0.1320968712106737,-0.1320968712106737)
[-0.1320968712106737,-0.1320968712106737)
[-0.1320968712106737,-0.1320968712106737)
[-0.1320968712106737,-0.1320968712106737)
[-0.1320968712106737,-0.1320968712106737)
[-0.1320968712106737,-0.1320968712106737)
[-0.1320968712106737,-0.1320968712106737)
[-0.13209687121067368,-0.13209687121067368)
[-0.13209687121067368,-0.13209687121067368)
[-0.13209687121067368,-0.13209687121067368)
[-0.13209687121067368,-0.13209687121067368)
[-0.13209687121067368,-0.13209687121067368)
[-0.1258805478595832,-0.1258805478595832)
[-0.12588054785958316,-0.12588054785958316)
[-0.12588054785958316,-0.12588054785958316)
[-0.12588054785958316,-0.12588054785958316)
[-0.12588054785958316,-0.12588054785958316)
[-0.12588054785958316,-0.12588054785958316)
[-0.12588054785958316,-0.12588054785958316)
[-0.12588054785958316,-0.12588054785958316)
[-0.12588054785958316,-0.12588054785958316)
[-0.12588054785958316,-0.12588054785958316)
[-0.12588054785958316,-0.12588054785958316)
[-0.12588054785958316,-0.12588054785958316)
[-0.11966422450849265,-0.11966422450849265)
[-0.11966422450849265,-0.11966422450849265)
[-0.11966422450849265,-0.11966422450849265)
[-0.11966422450849265,-0.11966422450849265)
[-0.11966422450849265,-0.11966422450849265)
[-0.11966422450849265,-0.11966422450849265)
[-0.11966422450849265,-0.11966422450849265)
[-0.11966422450849264,-0.11966422450849264)
[-0.11966422450849264,-0.11966422450849264)
[-0.11966422450849264,-0.11966422450849264)
[-0.11966422450849264,-0.11966422450849264)
[-0.11966422450849264,-0.11966422450849264)
[-0.11966422450849262,-0.11966422450849262)
[-0.11344790115740214,-0.11344790115740214)
[-0.11344790115740212,-0.11344790115740212)
[-0.11344790115740212,-0.11344790115740212)
[-0.11344790115740212,-0.11344790115740212)
[-0.11344790115740212,-0.11344790115740212)
[-0.11344790115740212,-0.11344790115740212)
[-0.11344790115740211,-0.11344790115740211)
[-0.11344790115740211,-0.11344790115740211)
[-0.11344790115740211,-0.11344790115740211)
[-0.11344790115740211,-0.11344790115740211)
[-0.11344790115740211,-0.11344790115740211)
[-0.11344790115740211,-0.11344790115740211)
[-0.10723157780631161,-0.10723157780631161)
[-0.1072315778063116,-0.1072315778063116)
[-0.1072315778063116,-0.1072315778063116)
[-0.1072315778063116,-0.1072315778063116)
[-0.1072315778063116,-0.1072315778063116)
[-0.1072315778063116,-0.1072315778063116)
[-0.1072315778063116,-0.1072315778063116)
[-0.1072315778063116,-0.1072315778063116)
[-0.1072315778063116,-0.1072315778063116)
[-0.10723157780631158,-0.10723157780631158)
[-0.10723157780631158,-0.10723157780631158)
[-0.10723157780631158,-0.10723157780631158)
[-0.10101525445522108,-0.10101525445522108)
[-0.10101525445522108,-0.10101525445522108)
[-0.10101525445522108,-0.10101525445522108)
[-0.10101525445522107,-0.10101525445522107)
[-0.10101525445522107,-0.10101525445522107)
[-0.10101525445522107,-0.10101525445522107)
[-0.10101525445522107,-0.10101525445522107)
[-0.10101525445522107,-0.10101525445522107)
[-0.10101525445522107,-0.10101525445522107)
[-0.10101525445522107,-0.10101525445522107)
[-0.10101525445522107,-0.10101525445522107)
[-0.10101525445522107,-0.10101525445522107)
[-0.10101525445522105,-0.10101525445522105)
[-0.09479893110413055,-0.09479893110413055)
[-0.09479893110413055,-0.09479893110413055)
[-0.09479893110413055,-0.09479893110413055)
[-0.09479893110413055,-0.09479893110413055)
[-0.09479893110413055,-0.09479893110413055)
[-0.09479893110413055,-0.09479893110413055)
[-0.09479893110413055,-0.09479893110413055)
[-0.09479893110413053,-0.09479893110413053)
[-0.09479893110413053,-0.09479893110413053)
[-0.09479893110413053,-0.09479893110413053)
[-0.09479893110413053,-0.09479893110413053)
[-0.09479893110413053,-0.09479893110413053)
[-0.09479893110413053,-0.09479893110413053)
[-0.09479893110413053,-0.09479893110413053)
[-0.09479893110413053,-0.09479893110413053)
[-0.08858260775304003,-0.08858260775304003)
[-0.08858260775304001,-0.08858260775304001)
[-0.08858260775304001,-0.08858260775304001)
[-0.08858260775304001,-0.08858260775304001)
[-0.08858260775304001,-0.08858260775304001)
[-0.08858260775304001,-0.08858260775304001)
[-0.08858260775304001,-0.08858260775304001)
[-0.08858260775304001,-0.08858260775304001)
[-0.08858260775304001,-0.08858260775304001)
[-0.08858260775304001,-0.08858260775304001)
[-0.08858260775304001,-0.08858260775304001)
[-0.08858260775304001,-0.08858260775304001)
[-0.08858260775304001,-0.08858260775304001)
[-0.08858260775304,-0.08858260775304)
[-0.08858260775304,-0.08858260775304)
[-0.08858260775304,-0.08858260775304)
[-0.0823662844019495,-0.0823662844019495)
[-0.0823662844019495,-0.0823662844019495)
[-0.0823662844019495,-0.0823662844019495)
[-0.0823662844019495,-0.0823662844019495)
[-0.08236628440194949,-0.08236628440194949)
[-0.08236628440194949,-0.08236628440194949)
[-0.08236628440194949,-0.08236628440194949)
[-0.08236628440194949,-0.08236628440194949)
[-0.08236628440194949,-0.08236628440194949)
[-0.08236628440194949,-0.08236628440194949)
[-0.08236628440194949,-0.08236628440194949)
[-0.08236628440194949,-0.08236628440194949)
[-0.08236628440194949,-0.08236628440194949)
[-0.08236628440194949,-0.08236628440194949)
[-0.08236628440194949,-0.08236628440194949)
[-0.08236628440194949,-0.08236628440194949)
[-0.08236628440194949,-0.08236628440194949)
[-0.08236628440194949,-0.08236628440194949)
[-0.08236628440194949,-0.08236628440194949)
[-0.08236628440194949,-0.08236628440194949)
[-0.08236628440194949,-0.08236628440194949)
[-0.08236628440194947,-0.08236628440194947)
[-0.08236628440194947,-0.08236628440194947)
[-0.08236628440194947,-0.08236628440194947)
[-0.08236628440194947,-0.08236628440194947)
[-0.08236628440194947,-0.08236628440194947)
[-0.07614996105085897,-0.07614996105085897)
[-0.07614996105085897,-0.07614996105085897)
[-0.07614996105085897,-0.07614996105085897)
[-0.07614996105085897,-0.07614996105085897)
[-0.07614996105085897,-0.07614996105085897)
[-0.07614996105085896,-0.07614996105085896)
[-0.07614996105085896,-0.07614996105085896)
[-0.07614996105085896,-0.07614996105085896)
[-0.07614996105085896,-0.07614996105085896)
[-0.07614996105085896,-0.07614996105085896)
[-0.07614996105085896,-0.07614996105085896)
[-0.07614996105085896,-0.07614996105085896)
[-0.07614996105085896,-0.07614996105085896)
[-0.07614996105085896,-0.07614996105085896)
[-0.07614996105085896,-0.07614996105085896)
[-0.07614996105085896,-0.07614996105085896)
[-0.07614996105085896,-0.07614996105085896)
[-0.07614996105085896,-0.07614996105085896)
[-0.07614996105085896,-0.07614996105085896)
[-0.07614996105085896,-0.07614996105085896)
[-0.07614996105085896,-0.07614996105085896)
[-0.07614996105085896,-0.07614996105085896)
[-0.07614996105085896,-0.07614996105085896)
[-0.07614996105085896,-0.07614996105085896)
[-0.07614996105085896,-0.07614996105085896)
[-0.07614996105085896,-0.07614996105085896)
[-0.07614996105085896,-0.07614996105085896)
[-0.07614996105085896,-0.07614996105085896)
[-0.07614996105085896,-0.07614996105085896)
[-0.07614996105085896,-0.07614996105085896)
[-0.07614996105085896,-0.07614996105085896)
[-0.07614996105085896,-0.07614996105085896)
[-0.07614996105085896,-0.07614996105085896)
[-0.07614996105085894,-0.07614996105085894)
[-0.06993363769976844,-0.06993363769976844)
[-0.06993363769976844,-0.06993363769976844)
[-0.06993363769976844,-0.06993363769976844)
[-0.06993363769976844,-0.06993363769976844)
[-0.06993363769976844,-0.06993363769976844)
[-0.06993363769976844,-0.06993363769976844)
[-0.06993363769976844,-0.06993363769976844)
[-0.06993363769976844,-0.06993363769976844)
[-0.06993363769976843,-0.06993363769976843)
[-0.06993363769976843,-0.06993363769976843)
[-0.06993363769976843,-0.06993363769976843)
[-0.06993363769976843,-0.06993363769976843)
[-0.06993363769976843,-0.06993363769976843)
[-0.06993363769976843,-0.06993363769976843)
[-0.06993363769976843,-0.06993363769976843)
[-0.06993363769976843,-0.06993363769976843)
[-0.06993363769976843,-0.06993363769976843)
[-0.06993363769976843,-0.06993363769976843)
[-0.06993363769976843,-0.06993363769976843)
[-0.06993363769976843,-0.06993363769976843)
[-0.06993363769976843,-0.06993363769976843)
[-0.06993363769976843,-0.06993363769976843)
[-0.06993363769976842,-0.06993363769976842)
[-0.06993363769976842,-0.06993363769976842)
[-0.06993363769976842,-0.06993363769976842)
[-0.06993363769976842,-0.06993363769976842)
[-0.06993363769976842,-0.06993363769976842)
[-0.06993363769976842,-0.06993363769976842)
[-0.06993363769976842,-0.06993363769976842)
[-0.06993363769976842,-0.06993363769976842)
[-0.06993363769976842,-0.06993363769976842)
[-0.06993363769976842,-0.06993363769976842)
[-0.06993363769976842,-0.06993363769976842)
[-0.06371731434867792,-0.06371731434867792)
[-0.0637173143486779,-0.0637173143486779)
[-0.0637173143486779,-0.0637173143486779)
[-0.0637173143486779,-0.0637173143486779)
[-0.0637173143486779,-0.0637173143486779)
[-0.0637173143486779,-0.0637173143486779)
[-0.0637173143486779,-0.0637173143486779)
[-0.0637173143486779,-0.0637173143486779)
[-0.0637173143486779,-0.0637173143486779)
[-0.0637173143486779,-0.0637173143486779)
[-0.0637173143486779,-0.0637173143486779)
[-0.0637173143486779,-0.0637173143486779)
[-0.0637173143486779,-0.0637173143486779)
[-0.0637173143486779,-0.0637173143486779)
[-0.0637173143486779,-0.0637173143486779)
[-0.0637173143486779,-0.0637173143486779)
[-0.0637173143486779,-0.0637173143486779)
[-0.0637173143486779,-0.0637173143486779)
[-0.0637173143486779,-0.0637173143486779)
[-0.0637173143486779,-0.0637173143486779)
[-0.0637173143486779,-0.0637173143486779)
[-0.0637173143486779,-0.0637173143486779)
[-0.0637173143486779,-0.0637173143486779)
[-0.0637173143486779,-0.0637173143486779)
[-0.0637173143486779,-0.0637173143486779)
[-0.0637173143486779,-0.0637173143486779)
[-0.0637173143486779,-0.0637173143486779)
[-0.0637173143486779,-0.0637173143486779)
[-0.0637173143486779,-0.0637173143486779)
[-0.0637173143486779,-0.0637173143486779)
[-0.0637173143486779,-0.0637173143486779)
[-0.0637173143486779,-0.0637173143486779)
[-0.0637173143486779,-0.0637173143486779)
[-0.06371731434867789,-0.06371731434867789)
[-0.06371731434867789,-0.06371731434867789)
[-0.06371731434867789,-0.06371731434867789)
[-0.06371731434867789,-0.06371731434867789)
[-0.05750099099758739,-0.05750099099758739)
[-0.05750099099758739,-0.05750099099758739)
[-0.05750099099758738,-0.05750099099758738)
[-0.05750099099758738,-0.05750099099758738)
[-0.05750099099758738,-0.05750099099758738)
[-0.057500990997587376,-0.057500990997587376)
[-0.057500990997587376,-0.057500990997587376)
[-0.057500990997587376,-0.057500990997587376)
[-0.057500990997587376,-0.057500990997587376)
[-0.057500990997587376,-0.057500990997587376)
[-0.057500990997587376,-0.057500990997587376)
[-0.057500990997587376,-0.057500990997587376)
[-0.057500990997587376,-0.057500990997587376)
[-0.057500990997587376,-0.057500990997587376)
[-0.057500990997587376,-0.057500990997587376)
[-0.057500990997587376,-0.057500990997587376)
[-0.057500990997587376,-0.057500990997587376)
[-0.057500990997587376,-0.057500990997587376)
[-0.057500990997587376,-0.057500990997587376)
[-0.057500990997587376,-0.057500990997587376)
[-0.057500990997587376,-0.057500990997587376)
[-0.057500990997587376,-0.057500990997587376)
[-0.057500990997587376,-0.057500990997587376)
[-0.057500990997587376,-0.057500990997587376)
[-0.057500990997587376,-0.057500990997587376)
[-0.057500990997587376,-0.057500990997587376)
[-0.057500990997587376,-0.057500990997587376)
[-0.057500990997587376,-0.057500990997587376)
[-0.057500990997587376,-0.057500990997587376)
[-0.057500990997587376,-0.057500990997587376)
[-0.057500990997587376,-0.057500990997587376)
[-0.057500990997587376,-0.057500990997587376)
[-0.057500990997587376,-0.057500990997587376)
[-0.057500990997587376,-0.057500990997587376)
[-0.05750099099758737,-0.05750099099758737)
[-0.05750099099758737,-0.05750099099758737)
[-0.05750099099758737,-0.05750099099758737)
[-0.05750099099758736,-0.05750099099758736)
[-0.05750099099758736,-0.05750099099758736)
[-0.05128466764649686,-0.05128466764649686)
[-0.05128466764649686,-0.05128466764649686)
[-0.05128466764649686,-0.05128466764649686)
[-0.05128466764649686,-0.05128466764649686)
[-0.051284667646496855,-0.051284667646496855)
[-0.051284667646496855,-0.051284667646496855)
[-0.051284667646496855,-0.051284667646496855)
[-0.051284667646496855,-0.051284667646496855)
[-0.051284667646496855,-0.051284667646496855)
[-0.051284667646496855,-0.051284667646496855)
[-0.051284667646496855,-0.051284667646496855)
[-0.051284667646496855,-0.051284667646496855)
[-0.051284667646496855,-0.051284667646496855)
[-0.051284667646496855,-0.051284667646496855)
[-0.051284667646496855,-0.051284667646496855)
[-0.05128466764649685,-0.05128466764649685)
[-0.05128466764649685,-0.05128466764649685)
[-0.05128466764649685,-0.05128466764649685)
[-0.05128466764649685,-0.05128466764649685)
[-0.05128466764649685,-0.05128466764649685)
[-0.05128466764649685,-0.05128466764649685)
[-0.05128466764649685,-0.05128466764649685)
[-0.05128466764649685,-0.05128466764649685)
[-0.05128466764649685,-0.05128466764649685)
[-0.05128466764649685,-0.05128466764649685)
[-0.05128466764649685,-0.05128466764649685)
[-0.05128466764649685,-0.05128466764649685)
[-0.05128466764649685,-0.05128466764649685)
[-0.05128466764649685,-0.05128466764649685)
[-0.05128466764649685,-0.05128466764649685)
[-0.05128466764649685,-0.05128466764649685)
[-0.05128466764649685,-0.05128466764649685)
[-0.05128466764649685,-0.05128466764649685)
[-0.05128466764649685,-0.05128466764649685)
[-0.05128466764649685,-0.05128466764649685)
[-0.05128466764649685,-0.05128466764649685)
[-0.05128466764649685,-0.05128466764649685)
[-0.05128466764649685,-0.05128466764649685)
[-0.05128466764649685,-0.05128466764649685)
[-0.05128466764649685,-0.05128466764649685)
[-0.05128466764649683,-0.05128466764649683)
[-0.04506834429540633,-0.04506834429540633)
[-0.04506834429540633,-0.04506834429540633)
[-0.04506834429540633,-0.04506834429540633)
[-0.04506834429540633,-0.04506834429540633)
[-0.04506834429540633,-0.04506834429540633)
[-0.04506834429540633,-0.04506834429540633)
[-0.04506834429540633,-0.04506834429540633)
[-0.04506834429540633,-0.04506834429540633)
[-0.04506834429540633,-0.04506834429540633)
[-0.04506834429540633,-0.04506834429540633)
[-0.04506834429540633,-0.04506834429540633)
[-0.04506834429540633,-0.04506834429540633)
[-0.04506834429540632,-0.04506834429540632)
[-0.04506834429540632,-0.04506834429540632)
[-0.04506834429540632,-0.04506834429540632)
[-0.04506834429540632,-0.04506834429540632)
[-0.04506834429540632,-0.04506834429540632)
[-0.04506834429540632,-0.04506834429540632)
[-0.04506834429540632,-0.04506834429540632)
[-0.04506834429540632,-0.04506834429540632)
[-0.04506834429540632,-0.04506834429540632)
[-0.04506834429540632,-0.04506834429540632)
[-0.04506834429540632,-0.04506834429540632)
[-0.04506834429540632,-0.04506834429540632)
[-0.04506834429540632,-0.04506834429540632)
[-0.04506834429540632,-0.04506834429540632)
[-0.04506834429540632,-0.04506834429540632)
[-0.04506834429540632,-0.04506834429540632)
[-0.04506834429540632,-0.04506834429540632)
[-0.04506834429540632,-0.04506834429540632)
[-0.045068344295406314,-0.045068344295406314)
[-0.045068344295406314,-0.045068344295406314)
[-0.045068344295406314,-0.045068344295406314)
[-0.045068344295406314,-0.045068344295406314)
[-0.045068344295406314,-0.045068344295406314)
[-0.045068344295406314,-0.045068344295406314)
[-0.045068344295406314,-0.045068344295406314)
[-0.045068344295406314,-0.045068344295406314)
[-0.045068344295406314,-0.045068344295406314)
[-0.045068344295406314,-0.045068344295406314)
[-0.045068344295406314,-0.045068344295406314)
[-0.045068344295406314,-0.045068344295406314)
[-0.045068344295406314,-0.045068344295406314)
[-0.045068344295406314,-0.045068344295406314)
[-0.038852020944315814,-0.038852020944315814)
[-0.0388520209443158,-0.0388520209443158)
[-0.0388520209443158,-0.0388520209443158)
[-0.0388520209443158,-0.0388520209443158)
[-0.0388520209443158,-0.0388520209443158)
[-0.0388520209443158,-0.0388520209443158)
[-0.0388520209443158,-0.0388520209443158)
[-0.0388520209443158,-0.0388520209443158)
[-0.0388520209443158,-0.0388520209443158)
[-0.0388520209443158,-0.0388520209443158)
[-0.0388520209443158,-0.0388520209443158)
[-0.0388520209443158,-0.0388520209443158)
[-0.0388520209443158,-0.0388520209443158)
[-0.0388520209443158,-0.0388520209443158)
[-0.0388520209443158,-0.0388520209443158)
[-0.0388520209443158,-0.0388520209443158)
[-0.0388520209443158,-0.0388520209443158)
[-0.0388520209443158,-0.0388520209443158)
[-0.0388520209443158,-0.0388520209443158)
[-0.0388520209443158,-0.0388520209443158)
[-0.0388520209443158,-0.0388520209443158)
[-0.0388520209443158,-0.0388520209443158)
[-0.0388520209443158,-0.0388520209443158)
[-0.0388520209443158,-0.0388520209443158)
[-0.0388520209443158,-0.0388520209443158)
[-0.03885202094431579,-0.03885202094431579)
[-0.03885202094431579,-0.03885202094431579)
[-0.03885202094431579,-0.03885202094431579)
[-0.03885202094431579,-0.03885202094431579)
[-0.03885202094431579,-0.03885202094431579)
[-0.03885202094431579,-0.03885202094431579)
[-0.03885202094431579,-0.03885202094431579)
[-0.03885202094431579,-0.03885202094431579)
[-0.03885202094431579,-0.03885202094431579)
[-0.03885202094431579,-0.03885202094431579)
[-0.03885202094431579,-0.03885202094431579)
[-0.03885202094431579,-0.03885202094431579)
[-0.03885202094431579,-0.03885202094431579)
[-0.03885202094431579,-0.03885202094431579)
[-0.03885202094431579,-0.03885202094431579)
[-0.038852020944315786,-0.038852020944315786)
[-0.038852020944315786,-0.038852020944315786)
[-0.038852020944315786,-0.038852020944315786)
[-0.038852020944315786,-0.038852020944315786)
[-0.03263569759322529,-0.03263569759322529)
[-0.03263569759322528,-0.03263569759322528)
[-0.03263569759322528,-0.03263569759322528)
[-0.03263569759322528,-0.03263569759322528)
[-0.032635697593225266,-0.032635697593225266)
[-0.032635697593225266,-0.032635697593225266)
[-0.032635697593225266,-0.032635697593225266)
[-0.032635697593225266,-0.032635697593225266)
[-0.032635697593225266,-0.032635697593225266)
[-0.032635697593225266,-0.032635697593225266)
[-0.032635697593225266,-0.032635697593225266)
[-0.032635697593225266,-0.032635697593225266)
[-0.032635697593225266,-0.032635697593225266)
[-0.032635697593225266,-0.032635697593225266)
[-0.032635697593225266,-0.032635697593225266)
[-0.032635697593225266,-0.032635697593225266)
[-0.032635697593225266,-0.032635697593225266)
[-0.032635697593225266,-0.032635697593225266)
[-0.032635697593225266,-0.032635697593225266)
[-0.032635697593225266,-0.032635697593225266)
[-0.032635697593225266,-0.032635697593225266)
[-0.032635697593225266,-0.032635697593225266)
[-0.032635697593225266,-0.032635697593225266)
[-0.032635697593225266,-0.032635697593225266)
[-0.032635697593225266,-0.032635697593225266)
[-0.032635697593225266,-0.032635697593225266)
[-0.032635697593225266,-0.032635697593225266)
[-0.032635697593225266,-0.032635697593225266)
[-0.032635697593225266,-0.032635697593225266)
[-0.032635697593225266,-0.032635697593225266)
[-0.032635697593225266,-0.032635697593225266)
[-0.032635697593225266,-0.032635697593225266)
[-0.032635697593225266,-0.032635697593225266)
[-0.032635697593225266,-0.032635697593225266)
[-0.032635697593225266,-0.032635697593225266)
[-0.032635697593225266,-0.032635697593225266)
[-0.03263569759322526,-0.03263569759322526)
[-0.03263569759322526,-0.03263569759322526)
[-0.03263569759322526,-0.03263569759322526)
[-0.026419374242134752,-0.026419374242134752)
[-0.026419374242134752,-0.026419374242134752)
[-0.026419374242134752,-0.026419374242134752)
[-0.026419374242134752,-0.026419374242134752)
[-0.026419374242134745,-0.026419374242134745)
[-0.026419374242134745,-0.026419374242134745)
[-0.026419374242134745,-0.026419374242134745)
[-0.026419374242134745,-0.026419374242134745)
[-0.026419374242134745,-0.026419374242134745)
[-0.026419374242134745,-0.026419374242134745)
[-0.026419374242134745,-0.026419374242134745)
[-0.026419374242134745,-0.026419374242134745)
[-0.026419374242134742,-0.026419374242134742)
[-0.026419374242134742,-0.026419374242134742)
[-0.026419374242134742,-0.026419374242134742)
[-0.02641937424213474,-0.02641937424213474)
[-0.02641937424213474,-0.02641937424213474)
[-0.02641937424213474,-0.02641937424213474)
[-0.02641937424213474,-0.02641937424213474)
[-0.02641937424213474,-0.02641937424213474)
[-0.02641937424213474,-0.02641937424213474)
[-0.02641937424213474,-0.02641937424213474)
[-0.02641937424213474,-0.02641937424213474)
[-0.02641937424213474,-0.02641937424213474)
[-0.02641937424213474,-0.02641937424213474)
[-0.02641937424213474,-0.02641937424213474)
[-0.02641937424213474,-0.02641937424213474)
[-0.02641937424213474,-0.02641937424213474)
[-0.02641937424213474,-0.02641937424213474)
[-0.02641937424213474,-0.02641937424213474)
[-0.02641937424213474,-0.02641937424213474)
[-0.02641937424213474,-0.02641937424213474)
[-0.02641937424213474,-0.02641937424213474)
[-0.02641937424213474,-0.02641937424213474)
[-0.02641937424213474,-0.02641937424213474)
[-0.02641937424213474,-0.02641937424213474)
[-0.02641937424213474,-0.02641937424213474)
[-0.02641937424213474,-0.02641937424213474)
[-0.02020305089104422,-0.02020305089104422)
[-0.02020305089104422,-0.02020305089104422)
[-0.02020305089104422,-0.02020305089104422)
[-0.02020305089104422,-0.02020305089104422)
[-0.02020305089104422,-0.02020305089104422)
[-0.02020305089104422,-0.02020305089104422)
[-0.02020305089104422,-0.02020305089104422)
[-0.020203050891044214,-0.020203050891044214)
[-0.020203050891044214,-0.020203050891044214)
[-0.020203050891044214,-0.020203050891044214)
[-0.020203050891044214,-0.020203050891044214)
[-0.020203050891044214,-0.020203050891044214)
[-0.020203050891044214,-0.020203050891044214)
[-0.020203050891044214,-0.020203050891044214)
[-0.020203050891044214,-0.020203050891044214)
[-0.020203050891044214,-0.020203050891044214)
[-0.020203050891044214,-0.020203050891044214)
[-0.020203050891044214,-0.020203050891044214)
[-0.020203050891044214,-0.020203050891044214)
[-0.020203050891044214,-0.020203050891044214)
[-0.020203050891044214,-0.020203050891044214)
[-0.020203050891044214,-0.020203050891044214)
[-0.020203050891044214,-0.020203050891044214)
[-0.020203050891044214,-0.020203050891044214)
[-0.020203050891044214,-0.020203050891044214)
[-0.02020305089104421,-0.02020305089104421)
[-0.02020305089104421,-0.02020305089104421)
[-0.02020305089104421,-0.02020305089104421)
[-0.020203050891044207,-0.020203050891044207)
[-0.020203050891044207,-0.020203050891044207)
[-0.020203050891044207,-0.020203050891044207)
[-0.020203050891044207,-0.020203050891044207)
[-0.020203050891044207,-0.020203050891044207)
[-0.020203050891044207,-0.020203050891044207)
[-0.020203050891044207,-0.020203050891044207)
[-0.020203050891044207,-0.020203050891044207)
[-0.020203050891044207,-0.020203050891044207)
[-0.020203050891044207,-0.020203050891044207)
[-0.01398672753995369,-0.01398672753995369)
[-0.01398672753995369,-0.01398672753995369)
[-0.01398672753995369,-0.01398672753995369)
[-0.01398672753995369,-0.01398672753995369)
[-0.01398672753995369,-0.01398672753995369)
[-0.01398672753995369,-0.01398672753995369)
[-0.01398672753995369,-0.01398672753995369)
[-0.01398672753995369,-0.01398672753995369)
[-0.01398672753995369,-0.01398672753995369)
[-0.01398672753995369,-0.01398672753995369)
[-0.01398672753995369,-0.01398672753995369)
[-0.01398672753995369,-0.01398672753995369)
[-0.01398672753995369,-0.01398672753995369)
[-0.01398672753995369,-0.01398672753995369)
[-0.01398672753995369,-0.01398672753995369)
[-0.01398672753995369,-0.01398672753995369)
[-0.01398672753995369,-0.01398672753995369)
[-0.013986727539953687,-0.013986727539953687)
[-0.013986727539953687,-0.013986727539953687)
[-0.013986727539953687,-0.013986727539953687)
[-0.013986727539953687,-0.013986727539953687)
[-0.013986727539953685,-0.013986727539953685)
[-0.013986727539953685,-0.013986727539953685)
[-0.013986727539953685,-0.013986727539953685)
[-0.013986727539953685,-0.013986727539953685)
[-0.013986727539953683,-0.013986727539953683)
[-0.013986727539953683,-0.013986727539953683)
[-0.013986727539953683,-0.013986727539953683)
[-0.013986727539953683,-0.013986727539953683)
[-0.013986727539953683,-0.013986727539953683)
[-0.013986727539953683,-0.013986727539953683)
[-0.013986727539953683,-0.013986727539953683)
[-0.013986727539953683,-0.013986727539953683)
[-0.013986727539953675,-0.013986727539953675)
[-0.013986727539953675,-0.013986727539953675)
[-0.013986727539953675,-0.013986727539953675)
[-0.013986727539953675,-0.013986727539953675)
[-0.007770404188863168,-0.007770404188863168)
[-0.00777040418886316,-0.00777040418886316)
[-0.00777040418886316,-0.00777040418886316)
[-0.00777040418886316,-0.00777040418886316)
[-0.00777040418886316,-0.00777040418886316)
[-0.00777040418886316,-0.00777040418886316)
[-0.00777040418886316,-0.00777040418886316)
[-0.00777040418886316,-0.00777040418886316)
[-0.00777040418886316,-0.00777040418886316)
[-0.00777040418886316,-0.00777040418886316)
[-0.00777040418886316,-0.00777040418886316)
[-0.00777040418886316,-0.00777040418886316)
[-0.00777040418886316,-0.00777040418886316)
[-0.00777040418886316,-0.00777040418886316)
[-0.00777040418886316,-0.00777040418886316)
[-0.00777040418886316,-0.00777040418886316)
[-0.00777040418886316,-0.00777040418886316)
[-0.00777040418886316,-0.00777040418886316)
[-0.00777040418886316,-0.00777040418886316)
[-0.00777040418886316,-0.00777040418886316)
[-0.00777040418886316,-0.00777040418886316)
[-0.00777040418886316,-0.00777040418886316)
[-0.00777040418886316,-0.00777040418886316)
[-0.00777040418886316,-0.00777040418886316)
[-0.00777040418886316,-0.00777040418886316)
[-0.00777040418886316,-0.00777040418886316)
[-0.00777040418886316,-0.00777040418886316)
[-0.00777040418886316,-0.00777040418886316)
[-0.00777040418886316,-0.00777040418886316)
[-0.007770404188863159,-0.007770404188863159)
[-0.007770404188863159,-0.007770404188863159)
[-0.007770404188863159,-0.007770404188863159)
[-0.007770404188863158,-0.007770404188863158)
[-0.007770404188863158,-0.007770404188863158)
[-0.007770404188863156,-0.007770404188863156)
[-0.007770404188863156,-0.007770404188863156)
[-0.007770404188863152,-0.007770404188863152)
[-0.0015540808377726444,-0.0015540808377726444)
[-0.0015540808377726444,-0.0015540808377726444)
[-0.0015540808377726444,-0.0015540808377726444)
[-0.0015540808377726366,-0.0015540808377726366)
[-0.0015540808377726366,-0.0015540808377726366)
[-0.0015540808377726366,-0.0015540808377726366)
[-0.0015540808377726366,-0.0015540808377726366)
[-0.0015540808377726366,-0.0015540808377726366)
[-0.0015540808377726366,-0.0015540808377726366)
[-0.0015540808377726366,-0.0015540808377726366)
[-0.0015540808377726327,-0.0015540808377726327)
[-0.0015540808377726327,-0.0015540808377726327)
[-0.0015540808377726319,-0.0015540808377726319)
[-0.0015540808377726319,-0.0015540808377726319)
[-0.0015540808377726319,-0.0015540808377726319)
[-0.0015540808377726308,-0.0015540808377726308)
[-0.0015540808377726308,-0.0015540808377726308)
[-0.0015540808377726308,-0.0015540808377726308)
[-0.0015540808377726288,-0.0015540808377726288)
[-0.0015540808377726288,-0.0015540808377726288)
[-0.0015540808377726288,-0.0015540808377726288)
[-0.0015540808377726288,-0.0015540808377726288)
[-0.0015540808377726288,-0.0015540808377726288)
[-0.0015540808377726288,-0.0015540808377726288)
[-0.0015540808377726288,-0.0015540808377726288)
[-0.0015540808377726288,-0.0015540808377726288)
[-0.0015540808377726288,-0.0015540808377726288)
[-0.0015540808377726288,-0.0015540808377726288)
[-0.0015540808377726288,-0.0015540808377726288)
[-0.0015540808377726288,-0.0015540808377726288)
[-0.0015540808377726288,-0.0015540808377726288)
[-0.0015540808377726288,-0.0015540808377726288)
[-0.0015540808377726288,-0.0015540808377726288)
[-0.0015540808377726288,-0.0015540808377726288)
[-0.0015540808377726288,-0.0015540808377726288)
[-0.0015540808377726288,-0.0015540808377726288)
[0.004662242513317887,0.004662242513317887)
[0.004662242513317887,0.004662242513317887)
[0.004662242513317887,0.004662242513317887)
[0.004662242513317887,0.004662242513317887)
[0.004662242513317887,0.004662242513317887)
[0.004662242513317887,0.004662242513317887)
[0.004662242513317887,0.004662242513317887)
[0.004662242513317895,0.004662242513317895)
[0.004662242513317895,0.004662242513317895)
[0.004662242513317895,0.004662242513317895)
[0.004662242513317895,0.004662242513317895)
[0.004662242513317895,0.004662242513317895)
[0.004662242513317895,0.004662242513317895)
[0.004662242513317895,0.004662242513317895)
[0.004662242513317895,0.004662242513317895)
[0.004662242513317895,0.004662242513317895)
[0.004662242513317895,0.004662242513317895)
[0.004662242513317895,0.004662242513317895)
[0.004662242513317895,0.004662242513317895)
[0.004662242513317895,0.004662242513317895)
[0.004662242513317895,0.004662242513317895)
[0.004662242513317896,0.004662242513317896)
[0.004662242513317896,0.004662242513317896)
[0.004662242513317896,0.004662242513317896)
[0.0046622425133178965,0.0046622425133178965)
[0.0046622425133178965,0.0046622425133178965)
[0.0046622425133178965,0.0046622425133178965)
[0.004662242513317898,0.004662242513317898)
[0.004662242513317898,0.004662242513317898)
[0.0046622425133179025,0.0046622425133179025)
[0.0046622425133179025,0.0046622425133179025)
[0.0046622425133179025,0.0046622425133179025)
[0.0046622425133179025,0.0046622425133179025)
[0.0046622425133179025,0.0046622425133179025)
[0.0046622425133179025,0.0046622425133179025)
[0.010878565864408418,0.010878565864408418)
[0.010878565864408418,0.010878565864408418)
[0.010878565864408418,0.010878565864408418)
[0.010878565864408418,0.010878565864408418)
[0.010878565864408418,0.010878565864408418)
[0.010878565864408418,0.010878565864408418)
[0.010878565864408418,0.010878565864408418)
[0.010878565864408418,0.010878565864408418)
[0.010878565864408418,0.010878565864408418)
[0.010878565864408418,0.010878565864408418)
[0.010878565864408418,0.010878565864408418)
[0.010878565864408418,0.010878565864408418)
[0.010878565864408418,0.010878565864408418)
[0.010878565864408418,0.010878565864408418)
[0.010878565864408418,0.010878565864408418)
[0.010878565864408418,0.010878565864408418)
[0.010878565864408418,0.010878565864408418)
[0.010878565864408418,0.010878565864408418)
[0.010878565864408421,0.010878565864408421)
[0.010878565864408421,0.010878565864408421)
[0.010878565864408421,0.010878565864408421)
[0.010878565864408421,0.010878565864408421)
[0.010878565864408421,0.010878565864408421)
[0.010878565864408423,0.010878565864408423)
[0.010878565864408423,0.010878565864408423)
[0.010878565864408425,0.010878565864408425)
[0.010878565864408425,0.010878565864408425)
[0.010878565864408425,0.010878565864408425)
[0.010878565864408425,0.010878565864408425)
[0.010878565864408425,0.010878565864408425)
[0.010878565864408425,0.010878565864408425)
[0.010878565864408425,0.010878565864408425)
[0.010878565864408425,0.010878565864408425)
[0.010878565864408425,0.010878565864408425)
[0.010878565864408433,0.010878565864408433)
[0.010878565864408433,0.010878565864408433)
[0.01709488921549894,0.01709488921549894)
[0.017094889215498947,0.017094889215498947)
[0.017094889215498947,0.017094889215498947)
[0.017094889215498947,0.017094889215498947)
[0.017094889215498947,0.017094889215498947)
[0.017094889215498947,0.017094889215498947)
[0.017094889215498947,0.017094889215498947)
[0.017094889215498947,0.017094889215498947)
[0.017094889215498947,0.017094889215498947)
[0.017094889215498947,0.017094889215498947)
[0.017094889215498947,0.017094889215498947)
[0.017094889215498947,0.017094889215498947)
[0.017094889215498947,0.017094889215498947)
[0.017094889215498947,0.017094889215498947)
[0.017094889215498947,0.017094889215498947)
[0.017094889215498947,0.017094889215498947)
[0.017094889215498947,0.017094889215498947)
[0.017094889215498947,0.017094889215498947)
[0.017094889215498947,0.017094889215498947)
[0.017094889215498947,0.017094889215498947)
[0.017094889215498947,0.017094889215498947)
[0.017094889215498947,0.017094889215498947)
[0.017094889215498947,0.017094889215498947)
[0.017094889215498947,0.017094889215498947)
[0.017094889215498947,0.017094889215498947)
[0.017094889215498947,0.017094889215498947)
[0.017094889215498947,0.017094889215498947)
[0.017094889215498947,0.017094889215498947)
[0.017094889215498947,0.017094889215498947)
[0.017094889215498947,0.017094889215498947)
[0.017094889215498947,0.017094889215498947)
[0.01709488921549895,0.01709488921549895)
[0.01709488921549895,0.01709488921549895)
[0.01709488921549895,0.01709488921549895)
[0.01709488921549895,0.01709488921549895)
[0.017094889215498954,0.017094889215498954)
[0.017094889215498954,0.017094889215498954)
[0.017094889215498957,0.017094889215498957)
[0.023311212566589464,0.023311212566589464)
[0.023311212566589464,0.023311212566589464)
[0.02331121256658947,0.02331121256658947)
[0.02331121256658947,0.02331121256658947)
[0.02331121256658947,0.02331121256658947)
[0.02331121256658947,0.02331121256658947)
[0.02331121256658947,0.02331121256658947)
[0.02331121256658947,0.02331121256658947)
[0.02331121256658947,0.02331121256658947)
[0.023311212566589475,0.023311212566589475)
[0.023311212566589475,0.023311212566589475)
[0.023311212566589475,0.023311212566589475)
[0.023311212566589475,0.023311212566589475)
[0.023311212566589478,0.023311212566589478)
[0.023311212566589478,0.023311212566589478)
[0.023311212566589478,0.023311212566589478)
[0.023311212566589478,0.023311212566589478)
[0.023311212566589478,0.023311212566589478)
[0.023311212566589478,0.023311212566589478)
[0.023311212566589478,0.023311212566589478)
[0.023311212566589478,0.023311212566589478)
[0.023311212566589478,0.023311212566589478)
[0.023311212566589478,0.023311212566589478)
[0.023311212566589478,0.023311212566589478)
[0.023311212566589478,0.023311212566589478)
[0.023311212566589478,0.023311212566589478)
[0.023311212566589478,0.023311212566589478)
[0.023311212566589478,0.023311212566589478)
[0.023311212566589478,0.023311212566589478)
[0.023311212566589478,0.023311212566589478)
[0.023311212566589478,0.023311212566589478)
[0.023311212566589478,0.023311212566589478)
[0.023311212566589478,0.023311212566589478)
[0.023311212566589478,0.023311212566589478)
[0.023311212566589478,0.023311212566589478)
[0.023311212566589478,0.023311212566589478)
[0.023311212566589478,0.023311212566589478)
[0.029527535917679995,0.029527535917679995)
[0.029527535917679995,0.029527535917679995)
[0.029527535917679995,0.029527535917679995)
[0.029527535917679995,0.029527535917679995)
[0.029527535917679995,0.029527535917679995)
[0.029527535917679995,0.029527535917679995)
[0.029527535917679995,0.029527535917679995)
[0.029527535917680002,0.029527535917680002)
[0.029527535917680002,0.029527535917680002)
[0.029527535917680002,0.029527535917680002)
[0.029527535917680002,0.029527535917680002)
[0.029527535917680002,0.029527535917680002)
[0.029527535917680002,0.029527535917680002)
[0.029527535917680002,0.029527535917680002)
[0.029527535917680002,0.029527535917680002)
[0.029527535917680002,0.029527535917680002)
[0.029527535917680002,0.029527535917680002)
[0.029527535917680002,0.029527535917680002)
[0.029527535917680002,0.029527535917680002)
[0.029527535917680002,0.029527535917680002)
[0.029527535917680002,0.029527535917680002)
[0.029527535917680002,0.029527535917680002)
[0.029527535917680002,0.029527535917680002)
[0.029527535917680002,0.029527535917680002)
[0.029527535917680002,0.029527535917680002)
[0.029527535917680005,0.029527535917680005)
[0.029527535917680005,0.029527535917680005)
[0.029527535917680005,0.029527535917680005)
[0.029527535917680012,0.029527535917680012)
[0.029527535917680012,0.029527535917680012)
[0.029527535917680012,0.029527535917680012)
[0.029527535917680012,0.029527535917680012)
[0.029527535917680012,0.029527535917680012)
[0.029527535917680012,0.029527535917680012)
[0.029527535917680012,0.029527535917680012)
[0.029527535917680012,0.029527535917680012)
[0.029527535917680012,0.029527535917680012)
[0.03574385926877053,0.03574385926877053)
[0.03574385926877053,0.03574385926877053)
[0.03574385926877053,0.03574385926877053)
[0.03574385926877053,0.03574385926877053)
[0.03574385926877053,0.03574385926877053)
[0.03574385926877053,0.03574385926877053)
[0.03574385926877053,0.03574385926877053)
[0.03574385926877053,0.03574385926877053)
[0.03574385926877053,0.03574385926877053)
[0.03574385926877053,0.03574385926877053)
[0.03574385926877053,0.03574385926877053)
[0.03574385926877053,0.03574385926877053)
[0.03574385926877053,0.03574385926877053)
[0.03574385926877053,0.03574385926877053)
[0.03574385926877053,0.03574385926877053)
[0.03574385926877053,0.03574385926877053)
[0.03574385926877053,0.03574385926877053)
[0.03574385926877053,0.03574385926877053)
[0.03574385926877053,0.03574385926877053)
[0.03574385926877053,0.03574385926877053)
[0.035743859268770536,0.035743859268770536)
[0.035743859268770536,0.035743859268770536)
[0.035743859268770536,0.035743859268770536)
[0.035743859268770536,0.035743859268770536)
[0.035743859268770536,0.035743859268770536)
[0.035743859268770536,0.035743859268770536)
[0.035743859268770536,0.035743859268770536)
[0.035743859268770536,0.035743859268770536)
[0.035743859268770536,0.035743859268770536)
[0.035743859268770536,0.035743859268770536)
[0.035743859268770536,0.035743859268770536)
[0.035743859268770536,0.035743859268770536)
[0.035743859268770536,0.035743859268770536)
[0.035743859268770536,0.035743859268770536)
[0.035743859268770536,0.035743859268770536)
[0.03574385926877054,0.03574385926877054)
[0.03574385926877054,0.03574385926877054)
[0.03574385926877054,0.03574385926877054)
[0.04196018261986105,0.04196018261986105)
[0.04196018261986105,0.04196018261986105)
[0.04196018261986105,0.04196018261986105)
[0.04196018261986106,0.04196018261986106)
[0.04196018261986106,0.04196018261986106)
[0.04196018261986106,0.04196018261986106)
[0.04196018261986106,0.04196018261986106)
[0.04196018261986106,0.04196018261986106)
[0.04196018261986106,0.04196018261986106)
[0.04196018261986106,0.04196018261986106)
[0.04196018261986106,0.04196018261986106)
[0.04196018261986106,0.04196018261986106)
[0.04196018261986106,0.04196018261986106)
[0.04196018261986106,0.04196018261986106)
[0.04196018261986106,0.04196018261986106)
[0.04196018261986106,0.04196018261986106)
[0.04196018261986106,0.04196018261986106)
[0.04196018261986106,0.04196018261986106)
[0.04196018261986106,0.04196018261986106)
[0.04196018261986106,0.04196018261986106)
[0.04196018261986106,0.04196018261986106)
[0.04196018261986106,0.04196018261986106)
[0.04196018261986106,0.04196018261986106)
[0.04196018261986106,0.04196018261986106)
[0.04196018261986106,0.04196018261986106)
[0.04196018261986106,0.04196018261986106)
[0.04196018261986106,0.04196018261986106)
[0.04196018261986106,0.04196018261986106)
[0.04196018261986106,0.04196018261986106)
[0.04196018261986106,0.04196018261986106)
[0.04196018261986106,0.04196018261986106)
[0.04196018261986106,0.04196018261986106)
[0.04196018261986106,0.04196018261986106)
[0.04196018261986106,0.04196018261986106)
[0.041960182619861064,0.041960182619861064)
[0.041960182619861064,0.041960182619861064)
[0.041960182619861064,0.041960182619861064)
[0.04817650597095157,0.04817650597095157)
[0.04817650597095157,0.04817650597095157)
[0.04817650597095158,0.04817650597095158)
[0.04817650597095158,0.04817650597095158)
[0.04817650597095158,0.04817650597095158)
[0.04817650597095158,0.04817650597095158)
[0.04817650597095158,0.04817650597095158)
[0.04817650597095158,0.04817650597095158)
[0.04817650597095158,0.04817650597095158)
[0.04817650597095158,0.04817650597095158)
[0.04817650597095158,0.04817650597095158)
[0.04817650597095159,0.04817650597095159)
[0.04817650597095159,0.04817650597095159)
[0.04817650597095159,0.04817650597095159)
[0.04817650597095159,0.04817650597095159)
[0.04817650597095159,0.04817650597095159)
[0.04817650597095159,0.04817650597095159)
[0.04817650597095159,0.04817650597095159)
[0.04817650597095159,0.04817650597095159)
[0.04817650597095159,0.04817650597095159)
[0.04817650597095159,0.04817650597095159)
[0.04817650597095159,0.04817650597095159)
[0.04817650597095159,0.04817650597095159)
[0.04817650597095159,0.04817650597095159)
[0.04817650597095159,0.04817650597095159)
[0.04817650597095159,0.04817650597095159)
[0.04817650597095159,0.04817650597095159)
[0.04817650597095159,0.04817650597095159)
[0.04817650597095159,0.04817650597095159)
[0.04817650597095159,0.04817650597095159)
[0.04817650597095159,0.04817650597095159)
[0.04817650597095159,0.04817650597095159)
[0.04817650597095159,0.04817650597095159)
[0.04817650597095159,0.04817650597095159)
[0.04817650597095159,0.04817650597095159)
[0.054392829322042105,0.054392829322042105)
[0.054392829322042105,0.054392829322042105)
[0.054392829322042105,0.054392829322042105)
[0.054392829322042105,0.054392829322042105)
[0.054392829322042105,0.054392829322042105)
[0.054392829322042105,0.054392829322042105)
[0.054392829322042105,0.054392829322042105)
[0.054392829322042105,0.054392829322042105)
[0.05439282932204211,0.05439282932204211)
[0.05439282932204211,0.05439282932204211)
[0.05439282932204211,0.05439282932204211)
[0.05439282932204211,0.05439282932204211)
[0.05439282932204211,0.05439282932204211)
[0.05439282932204211,0.05439282932204211)
[0.05439282932204211,0.05439282932204211)
[0.05439282932204211,0.05439282932204211)
[0.05439282932204211,0.05439282932204211)
[0.05439282932204211,0.05439282932204211)
[0.05439282932204211,0.05439282932204211)
[0.05439282932204211,0.05439282932204211)
[0.05439282932204211,0.05439282932204211)
[0.05439282932204211,0.05439282932204211)
[0.05439282932204211,0.05439282932204211)
[0.05439282932204211,0.05439282932204211)
[0.05439282932204211,0.05439282932204211)
[0.05439282932204212,0.05439282932204212)
[0.05439282932204212,0.05439282932204212)
[0.05439282932204212,0.05439282932204212)
[0.05439282932204212,0.05439282932204212)
[0.05439282932204212,0.05439282932204212)
[0.05439282932204212,0.05439282932204212)
[0.05439282932204212,0.05439282932204212)
[0.05439282932204212,0.05439282932204212)
[0.06060915267313263,0.06060915267313263)
[0.06060915267313263,0.06060915267313263)
[0.06060915267313263,0.06060915267313263)
[0.06060915267313263,0.06060915267313263)
[0.06060915267313263,0.06060915267313263)
[0.06060915267313263,0.06060915267313263)
[0.06060915267313263,0.06060915267313263)
[0.06060915267313263,0.06060915267313263)
[0.06060915267313263,0.06060915267313263)
[0.06060915267313263,0.06060915267313263)
[0.06060915267313263,0.06060915267313263)
[0.06060915267313263,0.06060915267313263)
[0.06060915267313263,0.06060915267313263)
[0.06060915267313263,0.06060915267313263)
[0.06060915267313263,0.06060915267313263)
[0.06060915267313263,0.06060915267313263)
[0.06060915267313263,0.06060915267313263)
[0.06060915267313263,0.06060915267313263)
[0.06060915267313263,0.06060915267313263)
[0.06060915267313264,0.06060915267313264)
[0.06060915267313264,0.06060915267313264)
[0.06060915267313264,0.06060915267313264)
[0.06060915267313264,0.06060915267313264)
[0.06060915267313264,0.06060915267313264)
[0.06060915267313264,0.06060915267313264)
[0.06060915267313264,0.06060915267313264)
[0.06060915267313264,0.06060915267313264)
[0.06060915267313264,0.06060915267313264)
[0.06060915267313264,0.06060915267313264)
[0.06060915267313264,0.06060915267313264)
[0.06060915267313264,0.06060915267313264)
[0.06060915267313264,0.06060915267313264)
[0.06060915267313265,0.06060915267313265)
[0.06060915267313265,0.06060915267313265)
[0.06682547602422316,0.06682547602422316)
[0.06682547602422316,0.06682547602422316)
[0.06682547602422316,0.06682547602422316)
[0.06682547602422316,0.06682547602422316)
[0.06682547602422316,0.06682547602422316)
[0.06682547602422316,0.06682547602422316)
[0.06682547602422316,0.06682547602422316)
[0.06682547602422316,0.06682547602422316)
[0.06682547602422316,0.06682547602422316)
[0.06682547602422316,0.06682547602422316)
[0.06682547602422316,0.06682547602422316)
[0.06682547602422316,0.06682547602422316)
[0.06682547602422316,0.06682547602422316)
[0.06682547602422316,0.06682547602422316)
[0.06682547602422316,0.06682547602422316)
[0.06682547602422316,0.06682547602422316)
[0.06682547602422316,0.06682547602422316)
[0.06682547602422316,0.06682547602422316)
[0.06682547602422316,0.06682547602422316)
[0.06682547602422316,0.06682547602422316)
[0.06682547602422316,0.06682547602422316)
[0.06682547602422316,0.06682547602422316)
[0.06682547602422316,0.06682547602422316)
[0.06682547602422316,0.06682547602422316)
[0.06682547602422316,0.06682547602422316)
[0.06682547602422316,0.06682547602422316)
[0.06682547602422316,0.06682547602422316)
[0.06682547602422316,0.06682547602422316)
[0.06682547602422316,0.06682547602422316)
[0.06682547602422317,0.06682547602422317)
[0.06682547602422317,0.06682547602422317)
[0.06682547602422317,0.06682547602422317)
[0.06682547602422319,0.06682547602422319)
[0.07304179937531369,0.07304179937531369)
[0.07304179937531369,0.07304179937531369)
[0.0730417993753137,0.0730417993753137)
[0.0730417993753137,0.0730417993753137)
[0.0730417993753137,0.0730417993753137)
[0.0730417993753137,0.0730417993753137)
[0.0730417993753137,0.0730417993753137)
[0.0730417993753137,0.0730417993753137)
[0.0730417993753137,0.0730417993753137)
[0.0730417993753137,0.0730417993753137)
[0.0730417993753137,0.0730417993753137)
[0.0730417993753137,0.0730417993753137)
[0.0730417993753137,0.0730417993753137)
[0.0730417993753137,0.0730417993753137)
[0.0730417993753137,0.0730417993753137)
[0.0730417993753137,0.0730417993753137)
[0.0730417993753137,0.0730417993753137)
[0.0730417993753137,0.0730417993753137)
[0.0730417993753137,0.0730417993753137)
[0.0730417993753137,0.0730417993753137)
[0.0730417993753137,0.0730417993753137)
[0.0730417993753137,0.0730417993753137)
[0.0730417993753137,0.0730417993753137)
[0.0730417993753137,0.0730417993753137)
[0.0730417993753137,0.0730417993753137)
[0.0730417993753137,0.0730417993753137)
[0.0730417993753137,0.0730417993753137)
[0.0730417993753137,0.0730417993753137)
[0.0730417993753137,0.0730417993753137)
[0.0730417993753137,0.0730417993753137)
[0.0730417993753137,0.0730417993753137)
[0.0730417993753137,0.0730417993753137)
[0.0730417993753137,0.0730417993753137)
[0.0730417993753137,0.0730417993753137)
[0.07304179937531372,0.07304179937531372)
[0.07925812272640421,0.07925812272640421)
[0.07925812272640421,0.07925812272640421)
[0.07925812272640421,0.07925812272640421)
[0.07925812272640421,0.07925812272640421)
[0.07925812272640421,0.07925812272640421)
[0.07925812272640421,0.07925812272640421)
[0.07925812272640421,0.07925812272640421)
[0.07925812272640421,0.07925812272640421)
[0.07925812272640421,0.07925812272640421)
[0.07925812272640421,0.07925812272640421)
[0.07925812272640421,0.07925812272640421)
[0.07925812272640421,0.07925812272640421)
[0.07925812272640421,0.07925812272640421)
[0.07925812272640421,0.07925812272640421)
[0.07925812272640421,0.07925812272640421)
[0.07925812272640421,0.07925812272640421)
[0.07925812272640421,0.07925812272640421)
[0.07925812272640421,0.07925812272640421)
[0.07925812272640421,0.07925812272640421)
[0.07925812272640421,0.07925812272640421)
[0.07925812272640421,0.07925812272640421)
[0.07925812272640421,0.07925812272640421)
[0.07925812272640421,0.07925812272640421)
[0.07925812272640423,0.07925812272640423)
[0.07925812272640423,0.07925812272640423)
[0.07925812272640423,0.07925812272640423)
[0.07925812272640423,0.07925812272640423)
[0.07925812272640423,0.07925812272640423)
[0.07925812272640423,0.07925812272640423)
[0.07925812272640423,0.07925812272640423)
[0.07925812272640423,0.07925812272640423)
[0.07925812272640423,0.07925812272640423)
[0.07925812272640423,0.07925812272640423)
[0.07925812272640423,0.07925812272640423)
[0.07925812272640423,0.07925812272640423)
[0.07925812272640423,0.07925812272640423)
[0.07925812272640423,0.07925812272640423)
[0.07925812272640423,0.07925812272640423)
[0.07925812272640423,0.07925812272640423)
[0.08547444607749473,0.08547444607749473)
[0.08547444607749474,0.08547444607749474)
[0.08547444607749474,0.08547444607749474)
[0.08547444607749474,0.08547444607749474)
[0.08547444607749474,0.08547444607749474)
[0.08547444607749474,0.08547444607749474)
[0.08547444607749474,0.08547444607749474)
[0.08547444607749474,0.08547444607749474)
[0.08547444607749474,0.08547444607749474)
[0.08547444607749474,0.08547444607749474)
[0.08547444607749474,0.08547444607749474)
[0.08547444607749474,0.08547444607749474)
[0.08547444607749474,0.08547444607749474)
[0.08547444607749474,0.08547444607749474)
[0.08547444607749474,0.08547444607749474)
[0.08547444607749474,0.08547444607749474)
[0.08547444607749474,0.08547444607749474)
[0.08547444607749474,0.08547444607749474)
[0.08547444607749474,0.08547444607749474)
[0.08547444607749474,0.08547444607749474)
[0.08547444607749474,0.08547444607749474)
[0.08547444607749474,0.08547444607749474)
[0.08547444607749474,0.08547444607749474)
[0.08547444607749474,0.08547444607749474)
[0.08547444607749474,0.08547444607749474)
[0.08547444607749474,0.08547444607749474)
[0.08547444607749476,0.08547444607749476)
[0.08547444607749476,0.08547444607749476)
[0.08547444607749476,0.08547444607749476)
[0.08547444607749476,0.08547444607749476)
[0.08547444607749476,0.08547444607749476)
[0.08547444607749476,0.08547444607749476)
[0.08547444607749476,0.08547444607749476)
[0.08547444607749476,0.08547444607749476)
[0.08547444607749476,0.08547444607749476)
[0.08547444607749476,0.08547444607749476)
[0.08547444607749476,0.08547444607749476)
[0.08547444607749476,0.08547444607749476)
[0.08547444607749476,0.08547444607749476)
[0.08547444607749476,0.08547444607749476)
[0.08547444607749476,0.08547444607749476)
[0.08547444607749476,0.08547444607749476)
[0.08547444607749476,0.08547444607749476)
[0.09169076942858526,0.09169076942858526)
[0.09169076942858526,0.09169076942858526)
[0.09169076942858527,0.09169076942858527)
[0.09169076942858527,0.09169076942858527)
[0.09169076942858527,0.09169076942858527)
[0.09169076942858527,0.09169076942858527)
[0.09169076942858527,0.09169076942858527)
[0.09169076942858527,0.09169076942858527)
[0.09169076942858527,0.09169076942858527)
[0.09169076942858527,0.09169076942858527)
[0.09169076942858527,0.09169076942858527)
[0.09169076942858527,0.09169076942858527)
[0.09169076942858527,0.09169076942858527)
[0.09169076942858527,0.09169076942858527)
[0.09169076942858527,0.09169076942858527)
[0.09169076942858527,0.09169076942858527)
[0.09169076942858527,0.09169076942858527)
[0.09169076942858527,0.09169076942858527)
[0.09169076942858527,0.09169076942858527)
[0.09169076942858527,0.09169076942858527)
[0.09169076942858527,0.09169076942858527)
[0.09169076942858527,0.09169076942858527)
[0.09169076942858527,0.09169076942858527)
[0.09169076942858527,0.09169076942858527)
[0.09169076942858527,0.09169076942858527)
[0.09169076942858527,0.09169076942858527)
[0.09169076942858527,0.09169076942858527)
[0.09169076942858527,0.09169076942858527)
[0.09169076942858527,0.09169076942858527)
[0.09169076942858527,0.09169076942858527)
[0.09169076942858527,0.09169076942858527)
[0.09169076942858527,0.09169076942858527)
[0.09169076942858527,0.09169076942858527)
[0.09169076942858527,0.09169076942858527)
[0.09169076942858527,0.09169076942858527)
[0.09169076942858527,0.09169076942858527)
[0.09169076942858527,0.09169076942858527)
[0.09169076942858527,0.09169076942858527)
[0.09169076942858527,0.09169076942858527)
[0.09169076942858527,0.09169076942858527)
[0.09169076942858527,0.09169076942858527)
[0.09169076942858528,0.09169076942858528)
[0.09169076942858528,0.09169076942858528)
[0.09169076942858528,0.09169076942858528)
[0.09169076942858528,0.09169076942858528)
[0.09790709277967578,0.09790709277967578)
[0.09790709277967578,0.09790709277967578)
[0.09790709277967578,0.09790709277967578)
[0.09790709277967578,0.09790709277967578)
[0.09790709277967578,0.09790709277967578)
[0.09790709277967578,0.09790709277967578)
[0.09790709277967578,0.09790709277967578)
[0.09790709277967578,0.09790709277967578)
[0.09790709277967578,0.09790709277967578)
[0.09790709277967578,0.09790709277967578)
[0.09790709277967578,0.09790709277967578)
[0.09790709277967578,0.09790709277967578)
[0.09790709277967578,0.09790709277967578)
[0.09790709277967578,0.09790709277967578)
[0.09790709277967578,0.09790709277967578)
[0.09790709277967578,0.09790709277967578)
[0.09790709277967578,0.09790709277967578)
[0.09790709277967581,0.09790709277967581)
[0.09790709277967581,0.09790709277967581)
[0.09790709277967581,0.09790709277967581)
[0.09790709277967581,0.09790709277967581)
[0.09790709277967581,0.09790709277967581)
[0.09790709277967581,0.09790709277967581)
[0.09790709277967581,0.09790709277967581)
[0.09790709277967581,0.09790709277967581)
[0.09790709277967581,0.09790709277967581)
[0.09790709277967581,0.09790709277967581)
[0.09790709277967581,0.09790709277967581)
[0.09790709277967581,0.09790709277967581)
[0.09790709277967581,0.09790709277967581)
[0.09790709277967581,0.09790709277967581)
[0.09790709277967581,0.09790709277967581)
[0.09790709277967581,0.09790709277967581)
[0.09790709277967581,0.09790709277967581)
[0.09790709277967581,0.09790709277967581)
[0.09790709277967581,0.09790709277967581)
[0.09790709277967581,0.09790709277967581)
[0.09790709277967581,0.09790709277967581)
[0.09790709277967581,0.09790709277967581)
[0.09790709277967581,0.09790709277967581)
[0.09790709277967581,0.09790709277967581)
[0.09790709277967581,0.09790709277967581)
[0.09790709277967581,0.09790709277967581)
[0.09790709277967581,0.09790709277967581)
[0.09790709277967583,0.09790709277967583)
[0.09790709277967583,0.09790709277967583)
[0.09790709277967583,0.09790709277967583)
[0.10412341613076632,0.10412341613076632)
[0.10412341613076632,0.10412341613076632)
[0.10412341613076632,0.10412341613076632)
[0.10412341613076632,0.10412341613076632)
[0.10412341613076632,0.10412341613076632)
[0.10412341613076632,0.10412341613076632)
[0.10412341613076632,0.10412341613076632)
[0.10412341613076632,0.10412341613076632)
[0.10412341613076632,0.10412341613076632)
[0.10412341613076632,0.10412341613076632)
[0.10412341613076632,0.10412341613076632)
[0.10412341613076632,0.10412341613076632)
[0.10412341613076632,0.10412341613076632)
[0.10412341613076632,0.10412341613076632)
[0.10412341613076632,0.10412341613076632)
[0.10412341613076632,0.10412341613076632)
[0.10412341613076632,0.10412341613076632)
[0.10412341613076634,0.10412341613076634)
[0.10412341613076634,0.10412341613076634)
[0.10412341613076634,0.10412341613076634)
[0.10412341613076634,0.10412341613076634)
[0.10412341613076634,0.10412341613076634)
[0.10412341613076634,0.10412341613076634)
[0.10412341613076634,0.10412341613076634)
[0.10412341613076634,0.10412341613076634)
[0.10412341613076634,0.10412341613076634)
[0.10412341613076634,0.10412341613076634)
[0.10412341613076634,0.10412341613076634)
[0.10412341613076634,0.10412341613076634)
[0.10412341613076634,0.10412341613076634)
[0.10412341613076634,0.10412341613076634)
[0.10412341613076634,0.10412341613076634)
[0.10412341613076634,0.10412341613076634)
[0.10412341613076634,0.10412341613076634)
[0.10412341613076634,0.10412341613076634)
[0.10412341613076634,0.10412341613076634)
[0.10412341613076634,0.10412341613076634)
[0.10412341613076634,0.10412341613076634)
[0.10412341613076634,0.10412341613076634)
[0.10412341613076634,0.10412341613076634)
[0.10412341613076634,0.10412341613076634)
[0.10412341613076634,0.10412341613076634)
[0.10412341613076634,0.10412341613076634)
[0.10412341613076634,0.10412341613076634)
[0.10412341613076634,0.10412341613076634)
[0.10412341613076634,0.10412341613076634)
[0.10412341613076634,0.10412341613076634)
[0.10412341613076634,0.10412341613076634)
[0.10412341613076634,0.10412341613076634)
[0.11033973948185684,0.11033973948185684)
[0.11033973948185684,0.11033973948185684)
[0.11033973948185685,0.11033973948185685)
[0.11033973948185685,0.11033973948185685)
[0.11033973948185685,0.11033973948185685)
[0.11033973948185685,0.11033973948185685)
[0.11033973948185685,0.11033973948185685)
[0.11033973948185685,0.11033973948185685)
[0.11033973948185685,0.11033973948185685)
[0.11033973948185685,0.11033973948185685)
[0.11033973948185685,0.11033973948185685)
[0.11033973948185685,0.11033973948185685)
[0.11033973948185685,0.11033973948185685)
[0.11033973948185685,0.11033973948185685)
[0.11033973948185685,0.11033973948185685)
[0.11033973948185685,0.11033973948185685)
[0.11033973948185685,0.11033973948185685)
[0.11033973948185685,0.11033973948185685)
[0.11033973948185685,0.11033973948185685)
[0.11033973948185685,0.11033973948185685)
[0.11033973948185685,0.11033973948185685)
[0.11033973948185685,0.11033973948185685)
[0.11033973948185685,0.11033973948185685)
[0.11033973948185685,0.11033973948185685)
[0.11033973948185685,0.11033973948185685)
[0.11033973948185685,0.11033973948185685)
[0.11033973948185685,0.11033973948185685)
[0.11033973948185685,0.11033973948185685)
[0.11033973948185685,0.11033973948185685)
[0.11033973948185687,0.11033973948185687)
[0.11033973948185687,0.11033973948185687)
[0.11033973948185687,0.11033973948185687)
[0.11033973948185687,0.11033973948185687)
[0.11033973948185687,0.11033973948185687)
[0.11033973948185687,0.11033973948185687)
[0.11033973948185687,0.11033973948185687)
[0.11033973948185687,0.11033973948185687)
[0.11033973948185687,0.11033973948185687)
[0.11033973948185687,0.11033973948185687)
[0.11033973948185687,0.11033973948185687)
[0.11655606283294737,0.11655606283294737)
[0.11655606283294737,0.11655606283294737)
[0.11655606283294737,0.11655606283294737)
[0.11655606283294737,0.11655606283294737)
[0.11655606283294737,0.11655606283294737)
[0.11655606283294737,0.11655606283294737)
[0.11655606283294738,0.11655606283294738)
[0.11655606283294738,0.11655606283294738)
[0.11655606283294738,0.11655606283294738)
[0.11655606283294738,0.11655606283294738)
[0.11655606283294738,0.11655606283294738)
[0.11655606283294738,0.11655606283294738)
[0.11655606283294738,0.11655606283294738)
[0.11655606283294738,0.11655606283294738)
[0.11655606283294738,0.11655606283294738)
[0.11655606283294738,0.11655606283294738)
[0.11655606283294738,0.11655606283294738)
[0.11655606283294738,0.11655606283294738)
[0.11655606283294738,0.11655606283294738)
[0.11655606283294738,0.11655606283294738)
[0.11655606283294738,0.11655606283294738)
[0.11655606283294738,0.11655606283294738)
[0.11655606283294738,0.11655606283294738)
[0.11655606283294738,0.11655606283294738)
[0.11655606283294738,0.11655606283294738)
[0.11655606283294738,0.11655606283294738)
[0.11655606283294738,0.11655606283294738)
[0.1165560628329474,0.1165560628329474)
[0.1165560628329474,0.1165560628329474)
[0.1165560628329474,0.1165560628329474)
[0.1165560628329474,0.1165560628329474)
[0.1165560628329474,0.1165560628329474)
[0.1165560628329474,0.1165560628329474)
[0.1165560628329474,0.1165560628329474)
[0.1165560628329474,0.1165560628329474)
[0.1165560628329474,0.1165560628329474)
[0.1227723861840379,0.1227723861840379)
[0.1227723861840379,0.1227723861840379)
[0.1227723861840379,0.1227723861840379)
[0.1227723861840379,0.1227723861840379)
[0.1227723861840379,0.1227723861840379)
[0.1227723861840379,0.1227723861840379)
[0.1227723861840379,0.1227723861840379)
[0.1227723861840379,0.1227723861840379)
[0.12277238618403791,0.12277238618403791)
[0.12277238618403791,0.12277238618403791)
[0.12277238618403791,0.12277238618403791)
[0.12277238618403791,0.12277238618403791)
[0.12277238618403791,0.12277238618403791)
[0.12277238618403791,0.12277238618403791)
[0.12277238618403791,0.12277238618403791)
[0.12277238618403791,0.12277238618403791)
[0.12277238618403791,0.12277238618403791)
[0.12277238618403791,0.12277238618403791)
[0.12277238618403791,0.12277238618403791)
[0.12277238618403791,0.12277238618403791)
[0.12277238618403791,0.12277238618403791)
[0.12277238618403791,0.12277238618403791)
[0.12277238618403791,0.12277238618403791)
[0.12277238618403791,0.12277238618403791)
[0.12277238618403791,0.12277238618403791)
[0.12277238618403791,0.12277238618403791)
[0.12277238618403791,0.12277238618403791)
[0.12277238618403791,0.12277238618403791)
[0.12277238618403793,0.12277238618403793)
[0.12898870953512842,0.12898870953512842)
[0.12898870953512842,0.12898870953512842)
[0.12898870953512842,0.12898870953512842)
[0.12898870953512842,0.12898870953512842)
[0.12898870953512842,0.12898870953512842)
[0.12898870953512842,0.12898870953512842)
[0.12898870953512842,0.12898870953512842)
[0.12898870953512842,0.12898870953512842)
[0.12898870953512842,0.12898870953512842)
[0.12898870953512842,0.12898870953512842)
[0.12898870953512842,0.12898870953512842)
[0.12898870953512842,0.12898870953512842)
[0.12898870953512842,0.12898870953512842)
[0.12898870953512842,0.12898870953512842)
[0.12898870953512845,0.12898870953512845)
[0.12898870953512845,0.12898870953512845)
[0.12898870953512845,0.12898870953512845)
[0.12898870953512845,0.12898870953512845)
[0.12898870953512845,0.12898870953512845)
[0.12898870953512845,0.12898870953512845)
[0.12898870953512845,0.12898870953512845)
[0.12898870953512845,0.12898870953512845)
[0.12898870953512845,0.12898870953512845)
[0.12898870953512845,0.12898870953512845)
[0.13520503288621893,0.13520503288621893)
[0.13520503288621893,0.13520503288621893)
[0.13520503288621893,0.13520503288621893)
[0.13520503288621896,0.13520503288621896)
[0.13520503288621896,0.13520503288621896)
[0.13520503288621896,0.13520503288621896)
[0.13520503288621896,0.13520503288621896)
[0.13520503288621896,0.13520503288621896)
[0.13520503288621896,0.13520503288621896)
[0.13520503288621896,0.13520503288621896)
[0.13520503288621896,0.13520503288621896)
[0.13520503288621896,0.13520503288621896)
[0.13520503288621896,0.13520503288621896)
[0.13520503288621896,0.13520503288621896)
[0.13520503288621896,0.13520503288621896)
[0.13520503288621896,0.13520503288621896)
[0.13520503288621896,0.13520503288621896)
[0.13520503288621896,0.13520503288621896)
[0.13520503288621896,0.13520503288621896)
[0.13520503288621896,0.13520503288621896)
[0.14142135623730945,0.14142135623730945)
[0.1414213562373095,0.1414213562373095)
[0.1414213562373095,0.1414213562373095)
[0.1414213562373095,0.1414213562373095)
[0.1414213562373095,0.1414213562373095)
[0.1414213562373095,0.1414213562373095)
[0.1414213562373095,0.1414213562373095)
[0.1414213562373095,0.1414213562373095)
[0.1414213562373095,0.1414213562373095)
[0.1414213562373095,0.1414213562373095)
[0.1414213562373095,0.1414213562373095)
[0.14142135623730953,0.14142135623730953)
[0.14763767958840002,0.14763767958840002)
[0.14763767958840002,0.14763767958840002)
[0.14763767958840002,0.14763767958840002)
[0.14763767958840002,0.14763767958840002)
[0.14763767958840002,0.14763767958840002)
[0.14763767958840002,0.14763767958840002)
[0.14763767958840002,0.14763767958840002)
[0.14763767958840002,0.14763767958840002)
[0.14763767958840004,0.14763767958840004)
[0.14763767958840004,0.14763767958840004)
[0.14763767958840004,0.14763767958840004)
[0.14763767958840004,0.14763767958840004)
[0.14763767958840004,0.14763767958840004)
[0.15385400293949053,0.15385400293949053)
[0.15385400293949056,0.15385400293949056)
[0.15385400293949056,0.15385400293949056)
[0.15385400293949056,0.15385400293949056)
[0.15385400293949056,0.15385400293949056)
[0.15385400293949056,0.15385400293949056)
[0.15385400293949056,0.15385400293949056)
[0.15385400293949056,0.15385400293949056)
[0.15385400293949056,0.15385400293949056)
[0.15385400293949056,0.15385400293949056)
[0.15385400293949056,0.15385400293949056)
[0.15385400293949056,0.15385400293949056)
[0.15385400293949056,0.15385400293949056)
[0.15385400293949056,0.15385400293949056)
[0.16007032629058107,0.16007032629058107)
[0.16007032629058107,0.16007032629058107)
[0.16007032629058107,0.16007032629058107)
[0.16007032629058107,0.16007032629058107)
[0.16007032629058107,0.16007032629058107)
[0.16007032629058107,0.16007032629058107)
[0.16007032629058107,0.16007032629058107)
[0.16007032629058107,0.16007032629058107)
[0.16007032629058107,0.16007032629058107)
[0.16007032629058107,0.16007032629058107)
[0.16007032629058107,0.16007032629058107)
[0.1600703262905811,0.1600703262905811)
[0.16628664964167159,0.16628664964167159)
[0.16628664964167159,0.16628664964167159)
[0.16628664964167159,0.16628664964167159)
[0.16628664964167159,0.16628664964167159)
[0.16628664964167159,0.16628664964167159)
[0.16628664964167159,0.16628664964167159)
[0.16628664964167159,0.16628664964167159)
[0.1662866496416716,0.1662866496416716)
[0.1662866496416716,0.1662866496416716)
[0.1662866496416716,0.1662866496416716)
[0.1662866496416716,0.1662866496416716)
[0.1662866496416716,0.1662866496416716)
[0.1662866496416716,0.1662866496416716)
[0.1725029729927621,0.1725029729927621)
[0.1725029729927621,0.1725029729927621)
[0.17250297299276213,0.17250297299276213)
[0.17250297299276213,0.17250297299276213)
[0.17250297299276213,0.17250297299276213)
[0.17250297299276213,0.17250297299276213)
[0.17250297299276213,0.17250297299276213)
[0.17250297299276213,0.17250297299276213)
[0.17250297299276213,0.17250297299276213)
[0.17250297299276213,0.17250297299276213)
[0.17250297299276213,0.17250297299276213)
[0.17250297299276213,0.17250297299276213)
[0.17250297299276213,0.17250297299276213)
[0.17250297299276213,0.17250297299276213)
[0.17871929634385264,0.17871929634385264)
[0.17871929634385264,0.17871929634385264)
[0.17871929634385264,0.17871929634385264)
[0.17871929634385264,0.17871929634385264)
[0.17871929634385264,0.17871929634385264)
[0.17871929634385264,0.17871929634385264)
[0.17871929634385264,0.17871929634385264)
[0.17871929634385264,0.17871929634385264)
[0.17871929634385264,0.17871929634385264)
[0.17871929634385264,0.17871929634385264)
[0.17871929634385264,0.17871929634385264)
[0.17871929634385267,0.17871929634385267)
[0.17871929634385267,0.17871929634385267)
[0.17871929634385267,0.17871929634385267)
[0.17871929634385267,0.17871929634385267)
[0.17871929634385267,0.17871929634385267)
[0.17871929634385267,0.17871929634385267)
[0.17871929634385267,0.17871929634385267)
[0.17871929634385267,0.17871929634385267)
[0.17871929634385267,0.17871929634385267)
[0.18493561969494315,0.18493561969494315)
[0.18493561969494315,0.18493561969494315)
[0.18493561969494315,0.18493561969494315)
[0.18493561969494315,0.18493561969494315)
[0.18493561969494315,0.18493561969494315)
[0.18493561969494318,0.18493561969494318)
[0.18493561969494318,0.18493561969494318)
[0.18493561969494318,0.18493561969494318)
[0.18493561969494318,0.18493561969494318)
[0.18493561969494318,0.18493561969494318)
[0.18493561969494318,0.18493561969494318)
[0.18493561969494318,0.18493561969494318)
[0.18493561969494318,0.18493561969494318)
[0.18493561969494318,0.18493561969494318)
[0.18493561969494318,0.18493561969494318)
[0.18493561969494318,0.18493561969494318)
[0.18493561969494318,0.18493561969494318)
[0.18493561969494318,0.18493561969494318)
[0.18493561969494318,0.18493561969494318)
[0.18493561969494318,0.18493561969494318)
[0.18493561969494318,0.18493561969494318)
[0.19115194304603367,0.19115194304603367)
[0.1911519430460337,0.1911519430460337)
[0.1911519430460337,0.1911519430460337)
[0.1911519430460337,0.1911519430460337)
[0.1911519430460337,0.1911519430460337)
[0.1911519430460337,0.1911519430460337)
[0.1911519430460337,0.1911519430460337)
[0.1911519430460337,0.1911519430460337)
[0.1911519430460337,0.1911519430460337)
[0.1911519430460337,0.1911519430460337)
[0.1911519430460337,0.1911519430460337)
[0.1911519430460337,0.1911519430460337)
[0.1911519430460337,0.1911519430460337)
[0.1911519430460337,0.1911519430460337)
[0.1911519430460337,0.1911519430460337)
[0.1911519430460337,0.1911519430460337)
[0.1911519430460337,0.1911519430460337)
[0.1911519430460337,0.1911519430460337)
[0.1911519430460337,0.1911519430460337)
[0.1911519430460337,0.1911519430460337)
[0.1911519430460337,0.1911519430460337)
[0.19736826639712424,0.19736826639712424)
[0.19736826639712424,0.19736826639712424)
[0.19736826639712424,0.19736826639712424)
[0.19736826639712424,0.19736826639712424)
[0.19736826639712424,0.19736826639712424)
[0.19736826639712424,0.19736826639712424)
[0.19736826639712424,0.19736826639712424)
[0.19736826639712424,0.19736826639712424)
[0.19736826639712424,0.19736826639712424)
[0.19736826639712424,0.19736826639712424)
[0.19736826639712424,0.19736826639712424)
[0.19736826639712424,0.19736826639712424)
[0.19736826639712424,0.19736826639712424)
[0.19736826639712424,0.19736826639712424)
[0.19736826639712424,0.19736826639712424)
[0.19736826639712424,0.19736826639712424)
[0.19736826639712426,0.19736826639712426)
[0.19736826639712426,0.19736826639712426)
[0.19736826639712426,0.19736826639712426)
[0.19736826639712426,0.19736826639712426)
[0.19736826639712426,0.19736826639712426)
[0.20358458974821475,0.20358458974821475)
[0.20358458974821475,0.20358458974821475)
[0.20358458974821475,0.20358458974821475)
[0.20358458974821475,0.20358458974821475)
[0.20358458974821475,0.20358458974821475)
[0.20358458974821475,0.20358458974821475)
[0.20358458974821475,0.20358458974821475)
[0.20358458974821475,0.20358458974821475)
[0.20358458974821478,0.20358458974821478)
[0.20358458974821478,0.20358458974821478)
[0.20358458974821478,0.20358458974821478)
[0.20358458974821478,0.20358458974821478)
[0.20358458974821478,0.20358458974821478)
[0.20358458974821478,0.20358458974821478)
[0.20358458974821478,0.20358458974821478)
[0.20358458974821478,0.20358458974821478)
[0.20358458974821478,0.20358458974821478)
[0.20358458974821478,0.20358458974821478)
[0.20358458974821478,0.20358458974821478)
[0.20358458974821478,0.20358458974821478)
[0.20358458974821478,0.20358458974821478)
[0.2035845897482148,0.2035845897482148)
[0.20980091309930526,0.20980091309930526)
[0.20980091309930526,0.20980091309930526)
[0.2098009130993053,0.2098009130993053)
[0.2098009130993053,0.2098009130993053)
[0.2098009130993053,0.2098009130993053)
[0.2098009130993053,0.2098009130993053)
[0.2098009130993053,0.2098009130993053)
[0.2098009130993053,0.2098009130993053)
[0.2098009130993053,0.2098009130993053)
[0.2098009130993053,0.2098009130993053)
[0.2098009130993053,0.2098009130993053)
[0.2098009130993053,0.2098009130993053)
[0.2098009130993053,0.2098009130993053)
[0.2098009130993053,0.2098009130993053)
[0.20980091309930532,0.20980091309930532)
[0.20980091309930532,0.20980091309930532)
[0.20980091309930532,0.20980091309930532)
[0.20980091309930532,0.20980091309930532)
[0.20980091309930532,0.20980091309930532)
[0.20980091309930532,0.20980091309930532)
[0.21601723645039578,0.21601723645039578)
[0.2160172364503958,0.2160172364503958)
[0.2160172364503958,0.2160172364503958)
[0.2160172364503958,0.2160172364503958)
[0.2160172364503958,0.2160172364503958)
[0.2160172364503958,0.2160172364503958)
[0.21601723645039583,0.21601723645039583)
[0.21601723645039583,0.21601723645039583)
[0.21601723645039583,0.21601723645039583)
[0.21601723645039583,0.21601723645039583)
[0.21601723645039583,0.21601723645039583)
[0.21601723645039583,0.21601723645039583)
[0.21601723645039583,0.21601723645039583)
[0.21601723645039583,0.21601723645039583)
[0.21601723645039583,0.21601723645039583)
[0.21601723645039583,0.21601723645039583)
[0.21601723645039583,0.21601723645039583)
[0.21601723645039583,0.21601723645039583)
[0.22223355980148632,0.22223355980148632)
[0.22223355980148635,0.22223355980148635)
[0.22223355980148635,0.22223355980148635)
[0.22223355980148635,0.22223355980148635)
[0.22223355980148635,0.22223355980148635)
[0.22223355980148635,0.22223355980148635)
[0.22223355980148635,0.22223355980148635)
[0.22223355980148635,0.22223355980148635)
[0.22223355980148635,0.22223355980148635)
[0.22223355980148635,0.22223355980148635)
[0.22223355980148635,0.22223355980148635)
[0.22223355980148635,0.22223355980148635)
[0.22223355980148635,0.22223355980148635)
[0.22223355980148635,0.22223355980148635)
[0.22223355980148635,0.22223355980148635)
[0.22223355980148635,0.22223355980148635)
[0.22223355980148635,0.22223355980148635)
[0.22844988315257686,0.22844988315257686)
[0.22844988315257686,0.22844988315257686)
[0.22844988315257686,0.22844988315257686)
[0.22844988315257686,0.22844988315257686)
[0.22844988315257686,0.22844988315257686)
[0.22844988315257686,0.22844988315257686)
[0.22844988315257686,0.22844988315257686)
[0.22844988315257686,0.22844988315257686)
[0.22844988315257686,0.22844988315257686)
[0.22844988315257686,0.22844988315257686)
[0.22844988315257686,0.22844988315257686)
[0.22844988315257686,0.22844988315257686)
[0.22844988315257686,0.22844988315257686)
[0.22844988315257686,0.22844988315257686)
[0.2284498831525769,0.2284498831525769)
[0.2284498831525769,0.2284498831525769)
[0.2284498831525769,0.2284498831525769)
[0.23466620650366737,0.23466620650366737)
[0.23466620650366737,0.23466620650366737)
[0.23466620650366737,0.23466620650366737)
[0.23466620650366737,0.23466620650366737)
[0.23466620650366737,0.23466620650366737)
[0.23466620650366737,0.23466620650366737)
[0.2346662065036674,0.2346662065036674)
[0.2346662065036674,0.2346662065036674)
[0.2346662065036674,0.2346662065036674)
[0.2346662065036674,0.2346662065036674)
[0.2346662065036674,0.2346662065036674)
[0.2346662065036674,0.2346662065036674)
[0.2346662065036674,0.2346662065036674)
[0.23466620650366743,0.23466620650366743)
[0.2408825298547579,0.2408825298547579)
[0.2408825298547579,0.2408825298547579)
[0.24088252985475792,0.24088252985475792)
[0.24088252985475792,0.24088252985475792)
[0.24088252985475792,0.24088252985475792)
[0.24088252985475792,0.24088252985475792)
[0.24088252985475792,0.24088252985475792)
[0.24088252985475792,0.24088252985475792)
[0.24088252985475792,0.24088252985475792)
[0.24088252985475792,0.24088252985475792)
[0.24088252985475794,0.24088252985475794)
[0.24709885320584843,0.24709885320584843)
[0.24709885320584843,0.24709885320584843)
[0.24709885320584843,0.24709885320584843)
[0.24709885320584843,0.24709885320584843)
[0.24709885320584843,0.24709885320584843)
[0.24709885320584848,0.24709885320584848)
[0.24709885320584848,0.24709885320584848)
[0.24709885320584848,0.24709885320584848)
[0.25331517655693897,0.25331517655693897)
[0.25331517655693897,0.25331517655693897)
[0.25331517655693897,0.25331517655693897)
[0.25331517655693897,0.25331517655693897)
[0.25331517655693897,0.25331517655693897)
[0.2595314999080295,0.2595314999080295)
[0.2595314999080295,0.2595314999080295)
[0.2595314999080295,0.2595314999080295)
[0.25953149990802954,0.25953149990802954)
[0.26574782325912,0.26574782325912)
[0.26574782325912005,0.26574782325912005)
[0.27196414661021057,0.27196414661021057)
[0.27196414661021057,0.27196414661021057)
