[0.0,inf)
[0.0,10.770329475402832)
[0.0,8.485280990600586)
[0.0,8.0)
[0.0,7.211102485656738)
[0.0,7.211102485656738)
[0.0,7.211102485656738)
[0.0,6.324555397033691)
[0.0,6.324555397033691)
[0.0,6.0)
[0.0,5.656854152679443)
[0.0,5.656854152679443)
[0.0,5.656854152679443)
[0.0,5.656854152679443)
[0.0,4.4721360206604)
[0.0,4.4721360206604)
[0.0,4.4721360206604)
[0.0,4.4721360206604)
[0.0,4.4721360206604)
[0.0,4.0)
[0.0,4.0)
[0.0,4.0)
[0.0,4.0)
[0.0,4.0)
[0.0,4.0)
[0.0,4.0)
[0.0,4.0)
[0.0,4.0)
[0.0,4.0)
[0.0,2.8284270763397217)
[0.0,2.0)
[0.0,2.0)
[0.0,2.0)
[0.0,2.0)
[0.0,2.0)
[0.0,2.0)
[0.0,2.0)
[0.0,2.0)
[0.0,2.0)
[0.0,2.0)
[0.0,2.0)
[0.0,2.0)
[0.0,2.0)
[0.0,2.0)
[0.0,2.0)
[0.0,2.0)
[0.0,2.0)
[0.0,2.0)
[0.0,2.0)
[0.0,2.0)
[0.0,2.0)
[0.0,2.0)
[0.0,2.0)
[0.0,2.0)
[0.0,2.0)
[0.0,2.0)
[0.0,2.0)
[0.0,2.0)
[0.0,2.0)
[0.0,2.0)
[0.0,2.0)
[0.0,2.0)
[0.0,2.0)
[0.0,2.0)
[0.0,2.0)
[0.0,2.0)
[0.0,2.0)
[0.0,2.0)
[0.0,2.0)
[0.0,2.0)
[0.0,2.0)
[0.0,2.0)
[0.0,2.0)
[0.0,2.0)
[0.0,2.0)
[0.0,2.0)
[0.0,2.0)
[0.0,2.0)
[0.0,2.0)
[0.0,2.0)
[0.0,2.0)
[0.0,2.0)
[0.0,2.0)
[0.0,2.0)
[0.0,2.0)
[0.0,2.0)
[0.0,2.0)
[0.0,2.0)
[0.0,2.0)
[0.0,2.0)
[0.0,2.0)
[0.0,2.0)
[0.0,2.0)
[0.0,2.0)
[0.0,2.0)
[0.0,2.0)
[0.0,2.0)
[0.0,2.0)
[0.0,2.0)
[0.0,2.0)
[0.0,2.0)
[0.0,2.0)
[0.0,2.0)
[0.0,2.0)
[0.0,2.0)
[0.0,2.0)
[0.0,2.0)
[0.0,2.0)
[0.0,2.0)
[0.0,2.0)
[0.0,2.0)
[0.0,2.0)
[0.0,2.0)
[0.0,2.0)
[0.0,2.0)
[0.0,2.0)
[0.0,2.0)
[0.0,2.0)
[0.0,2.0)
[0.0,2.0)
[0.0,2.0)
[0.0,2.0)
[0.0,2.0)
[0.0,2.0)
[0.0,2.0)
[0.0,2.0)
[0.0,2.0)
[0.0,2.0)
[0.0,2.0)
[0.0,2.0)
[0.0,2.0)
[0.0,2.0)
[0.0,2.0)
[0.0,2.0)
[0.0,2.0)
[0.0,2.0)
[0.0,2.0)
[0.0,2.0)
[0.0,2.0)
[0.0,2.0)
[0.0,2.0)
[0.0,2.0)
[0.0,2.0)
[0.0,2.0)
[0.0,2.0)
[0.0,2.0)
[0.0,2.0)
[0.0,2.0)
[0.0,2.0)
[0.0,2.0)
[0.0,2.0)
[0.0,2.0)
[0.0,2.0)
[0.0,2.0)
[0.0,2.0)
[0.0,2.0)
[0.0,2.0)
[0.0,2.0)
[0.0,2.0)
[0.0,2.0)
[0.0,2.0)
[0.0,2.0)
[0.0,2.0)
[0.0,2.0)
[0.0,2.0)
[0.0,2.0)
[0.0,2.0)
[0.0,2.0)
[0.0,2.0)
[0.0,2.0)
[0.0,2.0)
[0.0,2.0)
[0.0,2.0)
[0.0,2.0)
[0.0,2.0)
[0.0,2.0)
[0.0,2.0)
[0.0,2.0)
[0.0,2.0)
[0.0,2.0)
[0.0,2.0)
[0.0,2.0)
[0.0,2.0)
[0.0,2.0)
[0.0,2.0)
[0.0,2.0)
[0.0,2.0)
[0.0,2.0)
[0.0,2.0)
[0.0,2.0)
[0.0,2.0)
[0.0,2.0)
[0.0,2.0)
[0.0,2.0)
[0.0,2.0)
[0.0,2.0)
[0.0,2.0)
[0.0,2.0)
[0.0,2.0)
[0.0,2.0)
[0.0,2.0)
[0.0,2.0)
[0.0,2.0)
[0.0,2.0)
[0.0,2.0)
[0.0,2.0)
[0.0,2.0)
[0.0,2.0)
[0.0,2.0)
[0.0,2.0)
[0.0,2.0)
[0.0,2.0)
[0.0,2.0)
[0.0,2.0)
[0.0,2.0)
[0.0,2.0)
[0.0,2.0)
[0.0,2.0)
[0.0,2.0)
[0.0,2.0)
[0.0,2.0)
[0.0,2.0)
[0.0,2.0)
[0.0,2.0)
[0.0,2.0)
[0.0,2.0)
[0.0,2.0)
[0.0,2.0)
[0.0,2.0)
[0.0,2.0)
[0.0,2.0)
[0.0,2.0)
[0.0,2.0)
[0.0,2.0)
[0.0,2.0)
[0.0,2.0)
[0.0,2.0)
[0.0,2.0)
[0.0,2.0)
[0.0,2.0)
[0.0,2.0)
[0.0,2.0)
[0.0,2.0)
[0.0,2.0)
[0.0,2.0)
[0.0,2.0)
[0.0,2.0)
[0.0,2.0)
[0.0,2.0)
[0.0,2.0)
[0.0,2.0)
[0.0,2.0)
[0.0,2.0)
[0.0,2.0)
[0.0,2.0)
[0.0,2.0)
[0.0,2.0)
[0.0,2.0)
[0.0,2.0)
[0.0,2.0)
[0.0,2.0)
[0.0,2.0)
[0.0,2.0)
[0.0,2.0)
[0.0,2.0)
[0.0,2.0)
[0.0,2.0)
[0.0,2.0)
[0.0,2.0)
[0.0,2.0)
[0.0,2.0)
[0.0,2.0)
[0.0,2.0)
[0.0,2.0)
[0.0,2.0)
[0.0,2.0)
[0.0,2.0)
[0.0,2.0)
[0.0,2.0)
[0.0,2.0)
[0.0,2.0)
[0.0,2.0)
[0.0,2.0)
[0.0,2.0)
[0.0,2.0)
[0.0,2.0)
[0.0,2.0)
[0.0,2.0)
[0.0,2.0)
[0.0,2.0)
[0.0,2.0)
[0.0,2.0)
[0.0,2.0)
[0.0,2.0)
[0.0,2.0)
[0.0,2.0)
[0.0,2.0)
[0.0,2.0)
[0.0,2.0)
[0.0,2.0)
[0.0,2.0)
[0.0,2.0)
[0.0,2.0)
[0.0,2.0)
[0.0,2.0)
[0.0,2.0)
[0.0,2.0)
[0.0,2.0)
[0.0,2.0)
[0.0,2.0)
[0.0,2.0)
[0.0,2.0)
[0.0,2.0)
[0.0,2.0)
[0.0,2.0)
[0.0,2.0)
[0.0,2.0)
[0.0,2.0)
[0.0,2.0)
[0.0,2.0)
[0.0,2.0)
[0.0,2.0)
[0.0,2.0)
[0.0,2.0)
[0.0,2.0)
[0.0,2.0)
[0.0,2.0)
[0.0,2.0)
[0.0,2.0)
[0.0,2.0)
[0.0,2.0)
[0.0,2.0)
[0.0,2.0)
[0.0,2.0)
[0.0,2.0)
[0.0,2.0)
[0.0,2.0)
[0.0,2.0)
[0.0,2.0)
[0.0,2.0)
[0.0,2.0)
[0.0,2.0)
[0.0,2.0)
[0.0,2.0)
[0.0,2.0)
[0.0,2.0)
[0.0,2.0)
[0.0,2.0)
[0.0,2.0)
[0.0,2.0)
[0.0,2.0)
[0.0,2.0)
[0.0,2.0)
[0.0,2.0)
[0.0,2.0)
[0.0,2.0)
[0.0,2.0)
[0.0,2.0)
[0.0,2.0)
[0.0,2.0)
[0.0,2.0)
[0.0,2.0)
[0.0,2.0)
[0.0,2.0)
[0.0,2.0)
[0.0,2.0)
[0.0,2.0)
[0.0,2.0)
[0.0,2.0)
[0.0,2.0)
[0.0,2.0)
[0.0,2.0)
[0.0,2.0)
[0.0,2.0)
[0.0,2.0)
[0.0,2.0)
[0.0,2.0)
[0.0,2.0)
[0.0,2.0)
[0.0,2.0)
[0.0,2.0)
[0.0,2.0)
[0.0,2.0)
[0.0,2.0)
[0.0,2.0)
[0.0,2.0)
[0.0,2.0)
[0.0,2.0)
[0.0,2.0)
[0.0,2.0)
[0.0,2.0)
[0.0,2.0)
[0.0,2.0)
[0.0,2.0)
[0.0,2.0)
[0.0,2.0)
[0.0,2.0)
[0.0,2.0)
[0.0,2.0)
[0.0,2.0)
[0.0,2.0)
[0.0,2.0)
[0.0,2.0)
[0.0,2.0)
[0.0,2.0)
[0.0,2.0)
